20
1 204594
101674 75311 147633
1 1 2
840067818 589970656 366700943
800 4000
13 17 23
2 1 1
29 31 37
4 8
1 1 0
0 1 1
1 1 1
10518 570145
2626 2532 3894
0 1 1
712131485 68088386 219131476
688937 763831
477384 82879 63313
1 1 1
323988535 831399021 979960006
2 4
1 1 0
0 1 1
1 1 1
456749 602836
20734 373480 197540
1 1 1
6632724 430496230 472466042
490165 244196
248428 168489 219753
0 1 1
294400498 8528858 655478054
645770 338397
636852 48469 372617
0 1 2
97212074 798033440 163456775
5 20
1 1 1
1 1 2
3 5 7
795643 729007
259617 679895 41505
1 1 1
669149900 84172771 224069343
312964 434828
240018 74923 225120
0 1 1
164161614 156070175 237952950
163708 568724
139072 44023 139620
2 1 1
453195548 722071586 600751178
618148 797834
478109 324132 171826
2 1 2
357299725 34525215 391107301
10 30
5 5 5
0 1 1
1 1 1
676874 516489
69732 227358 450038
1 1 1
197868883 498633147 394514730
257602 480949
38113 176296 243295
1 1 1
384243299 145116185 809390598
289939 130055
176569 43551 19523
2 1 1
725938192 55132933 239331339
348937 720507
200303 95637 51577
2 1 1
109451695 209132836 183990710
461881 599076
455904 252848 20118
1 1 1
450476200 486986405 856930964
