100
2 3 2
1 1 1
2 1 2
3 2 3
92 2 92
19 14 19
16 8 16
27 12 27
74 6 74
4 2 4
48 1 48
47 10 47
100 9 100
50 3 50
59 5 59
4 4 4
100 3 100
1 57 1
2 58 2
61 5 61
1 2 1
14 7 14
1 20 1
10 11 10
100 2 100
97 1 97
6 3 6
50 4 50
19 1 19
32 7 32
1 4 1
32 11 32
50 2 50
3 3 3
6 1 6
4 22 4
88 8 88
83 3 83
4 3 4
100 4 100
38 10 38
10 17 10
97 9 97
67 6 67
54 2 54
1 74 1
3 35 3
80 8 80
56 8 56
37 6 37
13 7 13
59 6 59
50 1 50
84 9 84
24 7 24
42 5 42
44 5 44
5 1 5
48 6 48
84 1 84
3 4 3
25 8 25
46 5 46
3 1 3
10 18 10
1 3 1
4 29 4
10 5 10
44 6 44
18 8 18
76 6 76
44 4 44
11 17 11
9 1 9
2 4 2
21 5 21
83 6 83
13 8 13
73 5 73
4 1 4
45 6 45
2 2 2
5 13 5
100 1 100
6 23 6
2 59 2
1 100 1
19 13 19
2 36 2
14 8 14
3 37 3
88 9 88
2 10 2
95 9 95
99 8 99
5 12 5
7 2 7
1 21 1
60 6 60
56 1 56
