100
2 3 2
1 1 1
2 1 2
3 2 3
20 2 20
2 4 2
88 3 88
69 9 69
22 9 22
26 7 26
4 29 4
17 1 17
44 7 44
1 45 1
83 2 83
3 3 3
17 7 17
2 59 2
100 4 100
26 3 26
1 6 1
41 8 41
37 11 37
57 4 57
95 6 95
26 9 26
62 4 62
24 12 24
3 37 3
20 7 20
47 9 47
2 30 2
1 100 1
75 3 75
100 3 100
1 27 1
10 5 10
100 9 100
44 2 44
95 8 95
24 9 24
3 9 3
80 4 80
49 7 49
9 1 9
3 14 3
100 1 100
26 1 26
85 2 85
9 12 9
51 10 51
94 2 94
100 2 100
4 2 4
3 4 3
58 3 58
18 14 18
11 15 11
26 11 26
9 6 9
4 1 4
80 8 80
1 11 1
1 63 1
10 18 10
67 2 67
51 8 51
69 1 69
60 7 60
18 1 18
80 3 80
86 5 86
30 10 30
73 2 73
4 28 4
38 2 38
17 14 17
6 13 6
35 8 35
58 1 58
14 7 14
4 4 4
1 2 1
1 68 1
15 12 15
3 28 3
4 3 4
2 2 2
26 10 26
1 62 1
1 3 1
3 1 3
1 4 1
16 6 16
30 7 30
1 33 1
6 10 6
77 5 77
5 14 5
14 15 14
