100
31 5
00000 00001 00010 00011 00100 00101 00110 00111 01000 01001 01010 01011 01100 01101 01110 01111 10000 10001 10010 10011 10100 10101 10110 10111 11000 11010 11011 11100 11101 11110 11111
11001
3 2
00 01 11
10
31 5
00000 00001 00010 00011 00100 00101 00110 00111 01000 01001 01010 01011 01100 01101 01110 01111 10000 10001 10010 10011 10100 10101 10111 11000 11001 11010 11011 11100 11101 11110 11111
10110
31 5
00000 00001 00010 00011 00100 00101 00110 00111 01000 01001 01010 01011 01100 01101 01110 01111 10000 10010 10011 10100 10101 10110 10111 11000 11001 11010 11011 11100 11101 11110 11111
10001
7 3
000 001 010 011 100 110 111
101
31 5
00000 00001 00011 00100 00101 00110 00111 01000 01001 01010 01011 01100 01101 01110 01111 10000 10001 10010 10011 10100 10101 10110 10111 11000 11001 11010 11011 11100 11101 11110 11111
00010
3 2
00 10 11
01
25 25
1111111111111111111111110 1111111111111111111111101 1111111111111111111111011 1111111111111111111110111 1111111111111111111101111 1111111111111111111011111 1111111111111111110111111 1111111111111111101111111 1111111111111111011111111 1111111111111110111111111 1111111111111101111111111 1111111111111011111111111 1111111111110111111111111 1111111111101111111111111 1111111111011111111111111 1111111110111111111111111 1111111101111111111111111 1111111011111111111111111 1111110111111111111111111 1111101111111111111111111 1111011111111111111111111 1110111111111111111111111 1101111111111111111111111 1011111111111111111111111 0111111111111111111111111
1111111111111111111111111
31 5
00000 00001 00010 00011 00100 00101 00110 00111 01000 01001 01010 01100 01101 01110 01111 10000 10001 10010 10011 10100 10101 10110 10111 11000 11001 11010 11011 11100 11101 11110 11111
01011
1 6
000000
111111
15 4
0000 0001 0010 0011 0100 0101 0110 0111 1000 1001 1010 1011 1101 1110 1111
1100
31 5
00000 00001 00010 00011 00100 00101 00110 01000 01001 01010 01011 01100 01101 01110 01111 10000 10001 10010 10011 10100 10101 10110 10111 11000 11001 11010 11011 11100 11101 11110 11111
00111
31 5
00000 00001 00010 00100 00101 00110 00111 01000 01001 01010 01011 01100 01101 01110 01111 10000 10001 10010 10011 10100 10101 10110 10111 11000 11001 11010 11011 11100 11101 11110 11111
00011
7 3
000 001 010 011 100 101 111
110
31 5
00000 00001 00010 00011 00100 00101 00110 00111 01000 01001 01010 01011 01100 01101 01110 01111 10000 10001 10010 10011 10100 10101 10110 10111 11000 11001 11011 11100 11101 11110 11111
11010
42 42
001011100100001100110000111010100100000100 001011100100001100110000111010100100000111 001011100100001100110000111010100100000001 001011100100001100110000111010100100001101 001011100100001100110000111010100100010101 001011100100001100110000111010100100100101 001011100100001100110000111010100101000101 001011100100001100110000111010100110000101 001011100100001100110000111010100000000101 001011100100001100110000111010101100000101 001011100100001100110000111010110100000101 001011100100001100110000111010000100000101 001011100100001100110000111011100100000101 001011100100001100110000111000100100000101 001011100100001100110000111110100100000101 001011100100001100110000110010100100000101 001011100100001100110000101010100100000101 001011100100001100110000011010100100000101 001011100100001100110001111010100100000101 001011100100001100110010111010100100000101 001011100100001100110100111010100100000101 001011100100001100111000111010100100000101 001011100100001100100000111010100100000101 001011100100001100010000111010100100000101 001011100100001101110000111010100100000101 001011100100001110110000111010100100000101 001011100100001000110000111010100100000101 001011100100000100110000111010100100000101 001011100100011100110000111010100100000101 001011100100101100110000111010100100000101 001011100101001100110000111010100100000101 001011100110001100110000111010100100000101 001011100000001100110000111010100100000101 001011101100001100110000111010100100000101 001011110100001100110000111010100100000101 001011000100001100110000111010100100000101 001010100100001100110000111010100100000101 001001100100001100110000111010100100000101 001111100100001100110000111010100100000101 000011100100001100110000111010100100000101 011011100100001100110000111010100100000101 101011100100001100110000111010100100000101
001011100100001100110000111010100100000101
1 1
0
1
7 3
000 001 010 011 101 110 111
100
3 4
0111 0001 0011
0110
2 50
11111111111111111111111111111111111111111111111111 11111111111111111111111111111111111111111111111110
11111111111111111111111111111111111111111111111111
1 50
00000000000000000000000000000000000000000000000000
11111111111111111111111111111111111111111111111111
1 17
00000000000000000
11111111111111111
31 5
00000 00001 00010 00011 00100 00101 00110 00111 01000 01001 01010 01011 01100 01101 01110 01111 10000 10001 10010 10011 10100 10101 10110 10111 11000 11001 11010 11011 11100 11101 11110
11111
3 2
00 01 10
11
15 4
0000 0001 0010 0011 0100 0101 0110 0111 1000 1001 1011 1100 1101 1110 1111
1010
100 50
00000001011001100011101111101111011111001111100110 00001001110000001000000010000000100011011010101100 00001101000100100111101111101110101111011110101010 00001110001110001010011111111000000100011100110001 00010001010000000110001110101010110110011110101100 00010001011000100011110111011111110101011100001100 00010010100011101011000101001111101111100100000010 00010101110110000110110101100111111100011100000100 00010111000101110011100100000001110100001011011000 00100000010110101101101111111011101111010111001010 00100001000001101111101111111110101111011110101010 00100001001110110110101110100100101111011110101010 00100001010000100110101101111100101111001110101010 00100001010000100111001101111111100110011110001010 00100001010000100111001111110110111011111110101010 00100001010000100111001111111110101111111110101010 00100001010000100111101111111110100111011110101010 00100001010000100111101111111110101111011110101010 00100001010000100111111111011010101111011110101010 00100001010000110111001111111110101111011110101010 00100001010010100111100111111110101111011110101010 00100001010100110111101111111110001111011110101010 00100001011000100111101111111110100111011111101010 00100001011000100111101111111110101111011110101010 00100010000000110101010111011000000110000110111000 00100010010000101111111011111100100111011010011010 00100011000001100011101101111011101111011100101000 00100101010011100111101111011010111111100001101011 00100111010000101111001011111110101110011110101010 00101001011000100011101111111110101111011110111010 00101011010000100111101111111100101111011110101010 00110001010000100111101111111110101110010110101010 00110011010000110111111111101110101111011110101000 00110011110001100010111000010110100111000111100110 00110111011001101110011001000101101001011111101011 00111010100101111000000011011010011011010100100101 01001110100101001011000000100000011000100011100000 01011000001111110011010010110001011100001100010010 01011110101011011000010101000001010001100001010101 01100111101011101100000001110001001001100111000100 01110010101111010001111011101001010000110001011111 01110101000111111111010101001111111011011011111010 10000001010011110110010100011111100011001010011010 10000010001001110000111110101100001011001000100000 10000010011001000111001111111110101100011101101010 10001010101110001000011000101011000000100001110110 10001110001110011001100001100101100010001001100111 10001111101111011000010000000001010000101011010101 10010000010001000111101111001100110111011110101110 10010010010110110111000100101010111110110001001000 10010100110111010101010110010111111110100100001000 10011011101010011000000111000101011000011101111110 10011110100111001000010001100001010100100001010101 10011110101100100000000001100001010010001001010101 10011110101110111000010000000011010010000001100110 10011110111011001000100110000010111011100011010111 10101011010000100101101101011100001110010110101011 10110101110001010111101111111110111101001101110110 10110110100001111011011011001011011000111100001000 10111110000011110000110000000001010010010010000111 10111110000101111100011010000001100100100001010100 11000011100010110001001110010100110100001100110010 11000111000010000101110010111110001101011000101011 11001000101101011101110010010101010110000101010001 11001110100111001000111101001011111000110001100101 11001110101011010000010110010101010100100110010101 11001110101111011000010100000011010000100001010101 11010000100111001101000000100101011110111001110101 11010010101111001010000111100001011001111010101011 11010011001000001110110101100110011101010110010000 11010100000010110010010010011010010000010110011111 11010110001100010111110100010111010001101010010111 11010110100111011000010010010001010000101011010101 11010110101111011000010001000001010000100001010101 11010110101111011000010100000001010000100001010101 11011010010111011000011000000001000000100001110101 11011100011101011001001000000001100000100001100101 11011100100111111010010000000000111000100001010101 11011100101101001100010000001000010110101010010101 11011110100101011010010000000001010000100101010111 11011110101101011000010000000101010001100001010101 11011110101110001001010010000011010000110010011100 11011110101111000000011000100001010000100000010101 11011110101111010000010000000001010000100001110001 11011110101111010001010100000101011001110001010101 11011110101111011000010000000001010100100001010101 11011110101111011000010000000101010001100001000101 11011110101111011000010010000001010000110001010101 11011110101111011000010100000000010010100001010101 11011110101111011000011000000001010000100001010101 11011111001101010000011000010111010110100001010101 11011111001111010100011011000001010010100000010101 11100000011000000011100111101111101111011110111010 11100101111010111001100010000010101010010101000110 11101000010000001111101001010011110001101010010011 11101011001011101010001000110000001100100100010010 11101110001111001100000000100011001100110010101001 11101110011011110000010010010011010001000001010001 11101110101110001000110100001001000000110001010100 11111000001110101001010001010011010000110001010010
11011110101111011000010000000001010000100001010101
15 4
0001 0010 0011 0100 0101 0110 0111 1000 1001 1010 1011 1100 1101 1110 1111
0000
31 5
00000 00001 00010 00011 00100 00101 00110 00111 01000 01001 01011 01100 01101 01110 01111 10000 10001 10010 10011 10100 10101 10110 10111 11000 11001 11010 11011 11100 11101 11110 11111
01010
31 5
00000 00001 00010 00011 00100 00101 00110 00111 01000 01001 01010 01011 01100 01101 01110 01111 10000 10001 10010 10011 10100 10101 10110 10111 11000 11001 11010 11011 11100 11101 11111
11110
31 5
00000 00001 00010 00011 00100 00101 00110 00111 01000 01001 01010 01011 01101 01110 01111 10000 10001 10010 10011 10100 10101 10110 10111 11000 11001 11010 11011 11100 11101 11110 11111
01100
15 4
0000 0001 0010 0011 0100 0101 0110 0111 1000 1010 1011 1100 1101 1110 1111
1001
75 50
00000000001100000111010110100011101111100111111001 00000100110100100011111011000110101111011001101001 00001010001111011101101000011111000011100001010011 00001101010100000011110110101011111111001011001110 00001101010100000011110110101011111111001011101100 00001110101101000111110110011010110111100101101100 00010111010011111111101100101011111011010100101111 00100101010101000011110010101001110110001011101100 00101001100111000010110110111000000011011010101001 00101011110110100001110110001011111011001011101100 00101100000100000011110110101011101110101000101000 00101100000101010110101000110010111110110000011000 00101101000100000011110110101011111101001011101110 00101101010000011111110101101011011111001011101100 00101101010100000011110111101011111111001011101100 00101101010100000111110110101001111111000011101100 00101101010100100001110110110010111001001101101110 00101101010100101000100101101110000011100101101101 00101110110100000011110010101011111111001001001100 00101111000000000011110110111111111111010101101110 00110001100010000001010110001011000110110111001000 00111011010110000010101000001111000011011111000111 00111101010010000011110010010101010110001101101100 01010010100011111100101000010100000000110010000010 01010010101001011000001001010100000000110100010111 01010010101001011000100001011100000000110000011011 01010010101011111100000001001000010001110100010011 01010010101011111100001001010100000000100100010011 01010010111111110110101101110000010100100001010011 01011000101010111100101001110000001010010100110011 01011010100011000000000001011110000000110100000011 01011010101011111100000011010000000000100100011101 01101101111100101000011110000001111100111110001101 01110001110101100010111101111111111100110110111100 01110010101011110101001001010100000100110100010011 01110110111011011100001101111000001000111101011010 01111011101010101001001111001000010001101011001100 10000000111110111001011001001100000010110100010001 10000111000011000101010101000101100011111011100011 10000111010011101010010100001000110101010010111011 10001110011111001101111111111101110111010011101111 10010010101010100100101010010110010000010110011010 10010010110010011000011010000110000100110100100101 10010111000011110101000010000101000001110010000011 10011101111110110011101011010100000110000001000011 10101100011000001011110111101011111001001011101000 10101101001110101011110110111010111100011100100100 10111000001010001110111001100001001011110000001001 11000010101101001100011000001100011100100101010011 11001011101111111010010000010010101101110000010001 11010000101011111000001100010100000000110110000011 11010000101100111100001101100100010000000100010011 11010000111101111110101101010011000100110100001000 11010010001010100000100010101010111101010100110011 11010010101011101100001001010100000000110101100010 11010010101011111100001001110110000000110110010011 11010010101011111101000001010100000000110101110011 11010010101011111110001001010100000000110100010011 11010010101100101110001010010100100010111110110001 11010010101111011100001001010100000000110100010011 11010010110010111100000001010100000000110100010011 11010010111010011100101011010100000100100110010011 11010011001101111101010001011000001001110100010011 11010011101011111100101001110101000000111000110010 11010110101011111100001001010101110100110110011111 11011010011011111101001101011100001010110000010000 11011101111100111011100100101000110010001111100100 11011110101111111111000000011100001000111000010011 11101010001001011000001011010100000000010110010011 11101100011100000001110000110001110110001001110000 11110000000001100000101100001010001100011000010000 11110000111010000010000000011110111101001010110001 11110010101011111100101101001101100000010000010011 11110011001011101100111000010100001010110100011010 11111001110100001111000100100001001111011001100101
11010010101011111100001001010100000000110100010011
63 6
000000 000001 000010 000011 000100 000101 000110 000111 001000 001001 001010 001011 001100 001101 001110 001111 010000 010001 010010 010011 010100 010101 010110 010111 011000 011001 011010 011011 011100 011101 011110 011111 100000 100001 100010 100011 100100 100101 100110 100111 101000 101001 101010 101011 101100 101101 101110 101111 110000 110001 110010 110011 110100 110101 110110 110111 111000 111001 111010 111011 111100 111101 111110
111111
31 5
00000 00001 00010 00011 00101 00110 00111 01000 01001 01010 01011 01100 01101 01110 01111 10000 10001 10010 10011 10100 10101 10110 10111 11000 11001 11010 11011 11100 11101 11110 11111
00100
44 44
00001011101000001001111110010010110000111001 00001011101000001001111110010010110000111010 00001011101000001001111110010010110000111100 00001011101000001001111110010010110000110000 00001011101000001001111110010010110000101000 00001011101000001001111110010010110000011000 00001011101000001001111110010010110001111000 00001011101000001001111110010010110010111000 00001011101000001001111110010010110100111000 00001011101000001001111110010010111000111000 00001011101000001001111110010010100000111000 00001011101000001001111110010010010000111000 00001011101000001001111110010011110000111000 00001011101000001001111110010000110000111000 00001011101000001001111110010110110000111000 00001011101000001001111110011010110000111000 00001011101000001001111110000010110000111000 00001011101000001001111110110010110000111000 00001011101000001001111111010010110000111000 00001011101000001001111100010010110000111000 00001011101000001001111010010010110000111000 00001011101000001001110110010010110000111000 00001011101000001001101110010010110000111000 00001011101000001001011110010010110000111000 00001011101000001000111110010010110000111000 00001011101000001011111110010010110000111000 00001011101000001101111110010010110000111000 00001011101000000001111110010010110000111000 00001011101000011001111110010010110000111000 00001011101000101001111110010010110000111000 00001011101001001001111110010010110000111000 00001011101010001001111110010010110000111000 00001011101100001001111110010010110000111000 00001011100000001001111110010010110000111000 00001011111000001001111110010010110000111000 00001011001000001001111110010010110000111000 00001010101000001001111110010010110000111000 00001001101000001001111110010010110000111000 00001111101000001001111110010010110000111000 00000011101000001001111110010010110000111000 00011011101000001001111110010010110000111000 00101011101000001001111110010010110000111000 01001011101000001001111110010010110000111000 10001011101000001001111110010010110000111000
00001011101000001001111110010010110000111000
49 49
1001101011101101001010111000110001000110110101001 1001101011101101001010111000110001000110110101010 1001101011101101001010111000110001000110110101100 1001101011101101001010111000110001000110110100000 1001101011101101001010111000110001000110110111000 1001101011101101001010111000110001000110110001000 1001101011101101001010111000110001000110111101000 1001101011101101001010111000110001000110100101000 1001101011101101001010111000110001000110010101000 1001101011101101001010111000110001000111110101000 1001101011101101001010111000110001000100110101000 1001101011101101001010111000110001000010110101000 1001101011101101001010111000110001001110110101000 1001101011101101001010111000110001010110110101000 1001101011101101001010111000110001100110110101000 1001101011101101001010111000110000000110110101000 1001101011101101001010111000110011000110110101000 1001101011101101001010111000110101000110110101000 1001101011101101001010111000111001000110110101000 1001101011101101001010111000100001000110110101000 1001101011101101001010111000010001000110110101000 1001101011101101001010111001110001000110110101000 1001101011101101001010111010110001000110110101000 1001101011101101001010111100110001000110110101000 1001101011101101001010110000110001000110110101000 1001101011101101001010101000110001000110110101000 1001101011101101001010011000110001000110110101000 1001101011101101001011111000110001000110110101000 1001101011101101001000111000110001000110110101000 1001101011101101001110111000110001000110110101000 1001101011101101000010111000110001000110110101000 1001101011101101011010111000110001000110110101000 1001101011101101101010111000110001000110110101000 1001101011101100001010111000110001000110110101000 1001101011101111001010111000110001000110110101000 1001101011101001001010111000110001000110110101000 1001101011100101001010111000110001000110110101000 1001101011111101001010111000110001000110110101000 1001101011001101001010111000110001000110110101000 1001101010101101001010111000110001000110110101000 1001101001101101001010111000110001000110110101000 1001101111101101001010111000110001000110110101000 1001100011101101001010111000110001000110110101000 1001111011101101001010111000110001000110110101000 1001001011101101001010111000110001000110110101000 1000101011101101001010111000110001000110110101000 1011101011101101001010111000110001000110110101000 1101101011101101001010111000110001000110110101000 0001101011101101001010111000110001000110110101000
1001101011101101001010111000110001000110110101000
7 3
000 001 010 100 101 110 111
011
15 4
0000 0001 0010 0011 0100 0101 0110 0111 1001 1010 1011 1100 1101 1110 1111
1000
50 50
00100111100111111101010111011011100010000100011010 00100111100111111101010111011011100010000100011001 00100111100111111101010111011011100010000100011111 00100111100111111101010111011011100010000100010011 00100111100111111101010111011011100010000100001011 00100111100111111101010111011011100010000100111011 00100111100111111101010111011011100010000101011011 00100111100111111101010111011011100010000110011011 00100111100111111101010111011011100010000000011011 00100111100111111101010111011011100010001100011011 00100111100111111101010111011011100010010100011011 00100111100111111101010111011011100010100100011011 00100111100111111101010111011011100011000100011011 00100111100111111101010111011011100000000100011011 00100111100111111101010111011011100110000100011011 00100111100111111101010111011011101010000100011011 00100111100111111101010111011011110010000100011011 00100111100111111101010111011011000010000100011011 00100111100111111101010111011010100010000100011011 00100111100111111101010111011001100010000100011011 00100111100111111101010111011111100010000100011011 00100111100111111101010111010011100010000100011011 00100111100111111101010111001011100010000100011011 00100111100111111101010111111011100010000100011011 00100111100111111101010110011011100010000100011011 00100111100111111101010101011011100010000100011011 00100111100111111101010011011011100010000100011011 00100111100111111101011111011011100010000100011011 00100111100111111101000111011011100010000100011011 00100111100111111101110111011011100010000100011011 00100111100111111100010111011011100010000100011011 00100111100111111111010111011011100010000100011011 00100111100111111001010111011011100010000100011011 00100111100111110101010111011011100010000100011011 00100111100111101101010111011011100010000100011011 00100111100111011101010111011011100010000100011011 00100111100110111101010111011011100010000100011011 00100111100101111101010111011011100010000100011011 00100111100011111101010111011011100010000100011011 00100111101111111101010111011011100010000100011011 00100111110111111101010111011011100010000100011011 00100111000111111101010111011011100010000100011011 00100110100111111101010111011011100010000100011011 00100101100111111101010111011011100010000100011011 00100011100111111101010111011011100010000100011011 00101111100111111101010111011011100010000100011011 00110111100111111101010111011011100010000100011011 00000111100111111101010111011011100010000100011011 01100111100111111101010111011011100010000100011011 10100111100111111101010111011011100010000100011011
00100111100111111101010111011011100010000100011011
70 50
00010000001101111011100001011110001000101101111111 00100001100111101010101011110110100000001110011011 00100001101000101101100100000010110101001100111011 00100001101001101100000101001011111001000010100000 00100011110111110011101111011101010111100100010100 00101011000110111111101011000100111001100110011010 00101111110100010001000100001101010001011000101100 00111100000011000000100001111010010110101100001001 01000011010010010000011110001000010111110011000110 01000101101001101011110101110010101000000010101000 01000110110001100000101001001110010000110001100101 01000111100011101101101110000111110100010110000010 01001110110010010101011110011101000111110011101000 01010101010110110100101000010110010111100101001100 01010110010010010100011010011101010111110110111111 01010110110011011100011001101111100111110001111110 01010110111011110101010110011101011101100011010101 01011011000001001100011110011101010010110011000100 01011011011110011100011110110101010111111011110100 01011110010010010100011100011101010110110111001101 01011110010011010100011110011101010111110011000100 01011110011010010100010110011100010110010011000000 01011110011010010100011111101001010111000011000101 01011110101000111101011010011101000101010011011100 01011110110010010100000110110101010111110011000100 01011111000111110100111011011101010000011011010101 01011111010010001100101110011011010111110010000100 01011111010110011100011110111101010111110001001101 01110000101011110001101101000011101010001101101010 01110100111010100111010010100011111001011111010001 01111010111110010101101010011001010010111011011100 01111110001010000100011110111100010011110011000100 01111110010010010100011110011101010111110011000100 10000000101111101111100000100011001010001000111001 10001001101101101111000101100110111010000100111011 10001010011101111101011110110110110111001111100110 10001100010100001000010111010101110100000000100000 10011100000010000110011111011101011110111011001100 10011110010010010011110110100101001111110011110100 10100000100010101110011010101001111011011110000010 10100001100101101011110001100000101001001100111111 10100001101011101011100001000011101001000100101011 10100001101101100011100001001010101000101100111011 10100001101101101011100001100010101000001100111011 10100001101101101011100001100010101000001100111111 10100001101101101011100001100010101010001100110011 10100001101101101111100001100010101000101100111001 10100001101101111011100001100010101000000100101011 10100010101100000011101000100100101000100110000011 10100100011101000011001011001011011001001011111010 10100100101010101010110010111000001110000000111010 10100100101101101011001000100010101000011100101001 10100101110101100011101001100010101000001000011001 10101101001001101100100010111110001101010011101110 10110001101100101011100001110010101000001110010111 10110001101111100011100011100010111001100101100001 10110001111101101011000101100010101000001100100011 10111000110010101001010111001110010001010001001101 11000000011001000011001100110011111101111001000101 11000000100111001011101001100001101000001100111011 11000010010001110000010111000100101010110001011001 11001010010000001110011100010101011111011110000100 11001110011010010001010110001100000110010001000100 11001110011011010100011110011101010110110011000110 11001111011011110101001100010001011111110010101001 11011110010000010100110110011101110111110011000100 11011110111010011100011110011101100111110010011110 11100001000100011010010111100100100101101110110011 11100001101101101011100001100110101000101100111011 11110101100100011000000000011000001011110001110100
01011110010010010100011110011101010111110011000100
45 45
001001111011000000111010011111111110101110001 001001111011000000111010011111111110101110010 001001111011000000111010011111111110101110100 001001111011000000111010011111111110101111000 001001111011000000111010011111111110101100000 001001111011000000111010011111111110101010000 001001111011000000111010011111111110100110000 001001111011000000111010011111111110111110000 001001111011000000111010011111111110001110000 001001111011000000111010011111111111101110000 001001111011000000111010011111111100101110000 001001111011000000111010011111111010101110000 001001111011000000111010011111110110101110000 001001111011000000111010011111101110101110000 001001111011000000111010011111011110101110000 001001111011000000111010011110111110101110000 001001111011000000111010011101111110101110000 001001111011000000111010011011111110101110000 001001111011000000111010010111111110101110000 001001111011000000111010001111111110101110000 001001111011000000111010111111111110101110000 001001111011000000111011011111111110101110000 001001111011000000111000011111111110101110000 001001111011000000111110011111111110101110000 001001111011000000110010011111111110101110000 001001111011000000101010011111111110101110000 001001111011000000011010011111111110101110000 001001111011000001111010011111111110101110000 001001111011000010111010011111111110101110000 001001111011000100111010011111111110101110000 001001111011001000111010011111111110101110000 001001111011010000111010011111111110101110000 001001111011100000111010011111111110101110000 001001111010000000111010011111111110101110000 001001111001000000111010011111111110101110000 001001111111000000111010011111111110101110000 001001110011000000111010011111111110101110000 001001101011000000111010011111111110101110000 001001011011000000111010011111111110101110000 001000111011000000111010011111111110101110000 001011111011000000111010011111111110101110000 001101111011000000111010011111111110101110000 000001111011000000111010011111111110101110000 011001111011000000111010011111111110101110000 101001111011000000111010011111111110101110000
001001111011000000111010011111111110101110000
31 5
00001 00010 00011 00100 00101 00110 00111 01000 01001 01010 01011 01100 01101 01110 01111 10000 10001 10010 10011 10100 10101 10110 10111 11000 11001 11010 11011 11100 11101 11110 11111
00000
31 5
00000 00001 00010 00011 00100 00101 00110 00111 01000 01001 01010 01011 01100 01101 01110 01111 10000 10001 10010 10011 10100 10101 10110 10111 11000 11001 11010 11011 11101 11110 11111
11100
31 5
00000 00001 00010 00011 00100 00101 00110 00111 01000 01001 01010 01011 01100 01110 01111 10000 10001 10010 10011 10100 10101 10110 10111 11000 11001 11010 11011 11100 11101 11110 11111
01101
31 5
00000 00001 00010 00011 00100 00101 00110 00111 01000 01001 01010 01011 01100 01101 01110 10000 10001 10010 10011 10100 10101 10110 10111 11000 11001 11010 11011 11100 11101 11110 11111
01111
31 5
00000 00001 00010 00011 00100 00101 00110 00111 01000 01001 01010 01011 01100 01101 01110 01111 10000 10001 10010 10011 10100 10101 10110 11000 11001 11010 11011 11100 11101 11110 11111
10111
31 5
00000 00001 00010 00011 00100 00110 00111 01000 01001 01010 01011 01100 01101 01110 01111 10000 10001 10010 10011 10100 10101 10110 10111 11000 11001 11010 11011 11100 11101 11110 11111
00101
31 5
00000 00001 00010 00011 00100 00101 00110 00111 01000 01001 01010 01011 01100 01101 01110 01111 10000 10001 10010 10011 10100 10101 10110 10111 11001 11010 11011 11100 11101 11110 11111
11000
15 4
0000 0001 0010 0011 0100 0101 0111 1000 1001 1010 1011 1100 1101 1110 1111
0110
43 43
1110100011000000100000111011010100100101101 1110100011000000100000111011010100100101110 1110100011000000100000111011010100100101000 1110100011000000100000111011010100100100100 1110100011000000100000111011010100100111100 1110100011000000100000111011010100100001100 1110100011000000100000111011010100101101100 1110100011000000100000111011010100110101100 1110100011000000100000111011010100000101100 1110100011000000100000111011010101100101100 1110100011000000100000111011010110100101100 1110100011000000100000111011010000100101100 1110100011000000100000111011011100100101100 1110100011000000100000111011000100100101100 1110100011000000100000111011110100100101100 1110100011000000100000111010010100100101100 1110100011000000100000111001010100100101100 1110100011000000100000111111010100100101100 1110100011000000100000110011010100100101100 1110100011000000100000101011010100100101100 1110100011000000100000011011010100100101100 1110100011000000100001111011010100100101100 1110100011000000100010111011010100100101100 1110100011000000100100111011010100100101100 1110100011000000101000111011010100100101100 1110100011000000110000111011010100100101100 1110100011000000000000111011010100100101100 1110100011000001100000111011010100100101100 1110100011000010100000111011010100100101100 1110100011000100100000111011010100100101100 1110100011001000100000111011010100100101100 1110100011010000100000111011010100100101100 1110100011100000100000111011010100100101100 1110100010000000100000111011010100100101100 1110100001000000100000111011010100100101100 1110100111000000100000111011010100100101100 1110101011000000100000111011010100100101100 1110110011000000100000111011010100100101100 1110000011000000100000111011010100100101100 1111100011000000100000111011010100100101100 1100100011000000100000111011010100100101100 1010100011000000100000111011010100100101100 0110100011000000100000111011010100100101100
1110100011000000100000111011010100100101100
2 2
10 01
11
63 6
000000 000001 000010 000011 000100 000101 000110 000111 001000 001001 001010 001011 001100 001101 001110 001111 010000 010001 010010 010011 010100 010101 010110 011000 011001 011010 011011 011100 011101 011110 011111 100000 100001 100010 100011 100100 100101 100110 100111 101000 101001 101010 101011 101100 101101 101110 101111 110000 110001 110010 110011 110100 110101 110110 110111 111000 111001 111010 111011 111100 111101 111110 111111
010111
100 50
00001010100100001100011111101000110111101010001000 00011000111000100010011111100100010111101010010100 00011001010000100111110010100100010100111111100010 00011011001011011010100001111001101010010101101001 00011101001011111001100001001111101001100101111000 00011101101011011011000101111100101000111011101101 00011111001011111011100001111111101000110101111001 00011111100110110010100101111001110111111011011001 00100010010101001111101010101110010000010001100001 00100100101000101100001011110101010001001110000011 00101011000000011010111101010110100000110101111101 00101111001011111010100001111111111000110101111001 00110111000001011010100000011111100001110001111011 00111011001010010011111001010111101000110101111111 00111101001011011110101001110011010100101001001111 00111101101111100111100100101110101010100101111011 00111110000111111011000001110001101001010001111101 00111111001001111010100101110001101000110101111001 00111111001001111011110001111110101001110100011001 00111111001011111010100001111101101000010101111001 00111111001011111011100011111111101000110101111001 00111111001111111111100101010000101110111001101001 00111111101000111011110001111111101000110101110001 00111111110010111011001100011011011100100100011101 01000000100100000100111110000000010111001010000110 01000000110100000001010110100010110111001100000111 01000000110110010000001111101101010101001110001100 01000001010100000100001110000000010111001010000111 01000010001011111111001011101101011101111110011100 01000010110100001100011110010000010111001110000110 01000010111100000100101100001110011011101010011001 01000100010100100100110011000000010111011010010111 01000100100000000100011100001000000111001010000000 01000110110110001111001111111100100011010100001101 01001000010100110100011110000010010101000010000101 01001001111100000100011110000100000101001010000110 01001110101111000001001010000000000001001010010110 01010101100110011101100110000000000101101010001101 01010111001110011011100001110011110110110001011100 01101100101101100011101000100111000011101000100000 01110111001001111011100001101111100000110001111001 01111001000100000110010001101111110100101111110001 01111001110101000110100110010000111000100010100100 01111111100111111001010011111011111000110101111001 10000100110110000100011101000000010101101010010110 10000110100101000100001010100000100001010000100110 10001010100101010100110110001100010111001010101110 10010101110111101010011010011110001111111110000111 10011110011011101010011001011101101100010000011001 10011111000001111011001111001111011010100101101011 10011111001011111110110001111111101001110101111001 10100000011010011000010011110111001100101110001101 10100101111000010101011110000001010011100010000110 10100111101101110101100110101101111010010110111001 10101000110100000100100110000101011010101000110011 10101011111110101000100011111011111000100010110100 10101101111010011010110001110000111111101100011111 10110010001010110100000101000000110001011000100100 10111011011001111011001000110010111010111110001000 10111100001011010111010001111001101000010100100101 10111101000011101110111011011111010100110101100100 11000000000110000000011110000000011111100010100111 11000000001100101110001110000100000010100010110100 11000000010001000100011111000000010101001011000110 11000000011001001010001101100100111011011100010110 11000000011101001010011110100010000000011010001100 11000000110100000100001110000000010111001010000110 11000000110100000100011110001000110011001010000110 11000000110100000100101110000000010111101010000100 11000000110100010100011110000000010110001010100110 11000000110110011100111100000100010101011001010000 11000000111000100100011110000000011111001010000110 11000000111111000100011110100000010111000010100110 11000001110011011110111110011000110101111000000110 11000001110100001101111110000010010101001110011000 11000001110100100100011110010100010111001011110110 11000010011110100101110100000001010110001101100100 11000010100100000100011110000000010111001010010111 11000100110100011100011111000100000111011010000110 11000100111100000100011110000100010110110110000110 11000101110101001110011101100000010100011011110010 11010000110100000100011100000000010101001010000110 11010000110100100101110010100110011001011010000010 11010111000111010001011111011011110001101001100011 11011000100100000101010110000010010111111011000110 11011111011100011011111101010000100011111001000110 11100000000100100000101100000100010111001010100110 11100000110100000100011110000000010101101010000110 11100000110100000100011110010100010111001010011011 11100001110100001100011110000010010100001010000010 11100011010100110100011110001000010111011010000111 11100100100100000100011110000001000111001000010110 11100100111000000101101100000001010111001001000100 11100101110010000100010111110100010111010110000111 11100110111110001110011101000000010001011011010110 11101000110101000100010110100100011101001110010011 11110000010110100101110110011001010111001010100010 11110101001001001101000110100110100100111001111110 11111000110101110011101001000101001010101011011110 11111110011010010000101100111000110000111010111000
11000000110100000100011110000000010111001010000110
31 5
00000 00001 00010 00011 00100 00101 00111 01000 01001 01010 01011 01100 01101 01110 01111 10000 10001 10010 10011 10100 10101 10110 10111 11000 11001 11010 11011 11100 11101 11110 11111
00110
7 3
001 010 011 100 101 110 111
000
7 3
000 001 011 100 101 110 111
010
43 50
00001000011011101110010100111000010000100110011001 00010001000110101001001010110101000101010110010110 00101001111010011101000110101100011000100010101000 00101100111110010001110010100010100101110001110111 00110000001111000010011111000011010101101101010101 00110011111110101111110101000010001001000111100101 00110101000010101001110111100000100111101100011010 00110101100100100001111011001000100001111101010110 00110110000110100001111010010000100101111101010101 00110111000000100001111111010000000101101101010110 00110111000110100001101011011000100101111101010010 00110111000110100001111001010000000101111101010110 00110111000110100100111011010000100100110101010111 00111001000110100001111010010010100101011101010010 00111001111000010100000001100111010001000010100000 01001000111001010111000100101110011010000010101101 01001000111001011110000101101101010111000010101001 01001000111001011110000101111110011010000000100000 01001000111001111110000101001111011010100010101001 01001011111011011100001001001011001010101000100111 01001110111011011110000100101111101010001111101001 01011101100100010001111111111000101001001000101101 01100010000100011010110011010100101111011101010111 01100011111011010110000100101111101000000010110100 01101111111010011000101111110000000001111110111110 01110111000110100001110011010000100101111101010110 01110111000111101001111011010000000001011000010110 10000100001010101101100101000010111110100000110110 10100111010110011111111011110000010101111101001110 10101000111001011010000100101111010010000010111001 10111001111001011110010000001111011100000110110001 11000100101001011010000100101110011000010010101001 11001000001001010110001110101111011000000010101101 11001000010011010111000000101101010000111010000001 11001000111001011110000100101111011010000010101001 11001000111001011110000100101111011010000010101011 11001000111001011110000100101111011010001010101001 11001000111001011110100100101111001000000010101000 11001001111001011111001100101111011101000011001101 11001001111011011110001000100101011010000011110001 11100011111000111001000110001011010000110100100111 11110100101001001111000010100110000010100110100011 11111101000100110111001010000100100001111000000110
00110111000110100001111011010000100101111101010110
15 4
0000 0001 0010 0011 0100 0110 0111 1000 1001 1010 1011 1100 1101 1110 1111
0101
31 5
00000 00001 00010 00011 00100 00101 00110 00111 01000 01001 01010 01011 01100 01101 01110 01111 10000 10001 10010 10011 10100 10101 10110 10111 11000 11001 11010 11011 11100 11110 11111
11101
15 4
0000 0001 0010 0011 0100 0101 0110 0111 1000 1001 1010 1011 1100 1101 1111
1110
31 5
00000 00010 00011 00100 00101 00110 00111 01000 01001 01010 01011 01100 01101 01110 01111 10000 10001 10010 10011 10100 10101 10110 10111 11000 11001 11010 11011 11100 11101 11110 11111
00001
31 5
00000 00001 00010 00011 00100 00101 00110 00111 01000 01001 01010 01011 01100 01101 01110 01111 10000 10001 10010 10011 10101 10110 10111 11000 11001 11010 11011 11100 11101 11110 11111
10100
2 50
11100111011111010100010100001011100010100101000100 11100111011111010100010100001011100010100101000101
11100111011111010100010100001011100010100101000100
100 47
00000101000110010101100100110000101110101000001 00000101111000110010111111111010110000011000110 00000111110111010000100010000100010110001110011 00001100110010001111100101001100001001100101011 00001111010110010101111001010001011110000011000 00010011100001010000100011001110010000010010011 00010100100111110001100101011001001001001110001 00010111010111100111110100101110000111101101111 00011010000100001001011011101111101000110100010 00011010111100110101100010011111000011001011000 00011101110111010100100110010000011001001010101 00100011001001110011101011100110100001010111010 00100011001100101001010111001011100100110101100 00100011100101111011011001000001110001110001011 00100100110101010100110100111100111100001011011 00100101011111010101000111100000010100001110011 00101001110100001010100100110010001001001100011 00111000111000100011011001101111100011100000110 00111110011000101111011001100101111011110001110 01000001010100010000110100010001010111001100001 01000011010111010100100100011000001111001110001 01000101101100110110110011010010000111001010000 01001101100101010111100100010000011110001110001 01001101110111010100100100010000011111001010001 01010000010101000100110100100010100010111111110 01010001100101111001100000000000011000101010011 01010111000000001011100001110001001001011010010 01011001011111010100100110101100001111101010011 01011100100000010101000101100010111101010111001 01011100100011010101010110000101011111001011101 01011100111101000100101100001000011110001110001 01011101110011000100100100010000011111001010001 01011101110101010100100100010100011111001010001 01011101110111010100100100010000011101001010001 01011101110111010100100100010000011111001010001 01011101110111010100100100010000011111001011001 01011101110111010100100100010000111111000010001 01011101110111010100100100010001011111101010001 01011101110111011010100100010101011111000010001 01011101110111011100100100010100000001011010001 01011101111110010100100100010000011111001110001 01011111110101010100100100010000110110001000100 01011111110111010100100000010000001111000010011 01100000101011001001101100010100110000101000111 01100010001100000011111011100111110111000110001 01101110010000111101110010100101111010110111000 01101110100111100101000100100000000010000010001 01110000001001101011000101011110010010110100101 01110100010110010100010010000101110110000111011 01111000110110010100100100110001011111001010101 01111100110101010100100100010000011011001010001 01111101110111110100111100010100110111000000001 01111111010101011101011010110010011010001110000 01111111110011010000000100110010111101001010001 10000010001000111010111011001111100000110101110 10000100010001010110010100000100111111001010110 10000100110011001010000101010100000011100000010 10000101101000010111001000111100010111101110011 10000110000001101001010010000011000111010101010 10001110011000101011011101011011000000110100110 10100000111100100110001010101100100010110111100 10100010000000100111111001101110100101110101110 10100010000101100011011101001101101000111101001 10100010000101111100011001011011111101110111001 10100010001000101010011011101011100010110101110 10100010001000101011011011101111100000111101110 10100010001000101011011011101111110000110101110 10100010001000101011011011111111100010010001110 10100010011000101111011011101110000000100101110 10100010011001101011110011000111100110110001010 10100011011000001100011001101111110000111101111 10100110001000111000011011101011100010110110111 10100110101001010000000011001100000100010110011 10100111101001111010101010101001100100010001110 10101001110001011001001100011110101111000011100 10101110010100010110001100010111001010010100101 10101110101000101011010011101111110010010011110 10110000001101110000000011110011010100110111110 10110010000001110010011011101101100001010101110 10110010001010011011011011101111101000100101111 10110101111001011011011110100000011101110111101 10111001001011000011101010111110001100111000111 10111011001000100001000100001010101100110101100 10111100000101110101111001001010100011011101000 11000010100000001010110101111001011111001010011 11000101001001001111111011101101111000010001110 11000101111011000001100101010001010111001010001 11001100001011101001011001001111100000110111111 11001100110001000110001011011001110111000110001 11001110100011011110001101110100001110001011001 11100010001010111010011011101111100000100110010 11101000111100101110110100111100001011001100011 11101101000110001101010001110101110001100111111 11101110000001010101110011110000011110110101101 11110010000100111010001011101011110001000111110 11110010100001101110011011001011000000110001110 11110011111100001011001110111110001100100111101 11111001110100101011101000101110111010101001110 11111100110111011000100010001000101011000110111 11111110010101101101110001100000010010000101000
10100010001000101011011011101111100000110101110
15 4
0000 0001 0011 0100 0101 0110 0111 1000 1001 1010 1011 1100 1101 1110 1111
0010
15 4
0000 0001 0010 0011 0100 0101 0110 0111 1000 1001 1010 1011 1100 1101 1110
1111
31 5
00000 00001 00010 00011 00100 00101 00110 00111 01000 01001 01010 01011 01100 01101 01110 01111 10001 10010 10011 10100 10101 10110 10111 11000 11001 11010 11011 11100 11101 11110 11111
10000
1 39
000000000000000000000000000000000000000
111111111111111111111111111111111111111
15 4
0000 0001 0010 0011 0101 0110 0111 1000 1001 1010 1011 1100 1101 1110 1111
0100
2 2
10 00
11
4 4
1110 1101 1011 0111
1111
100 49
0000010101110001011101100110101001110011110010110 0000110001111000101110010111111110100110101101110 0000111001000100000110001111011110100001001111010 0000111001001000000111000111011111100001011001010 0001010001001000000110001111011110110001101101010 0001010001011000010110001010010110100001100101000 0010101100111101111001110000101000111100000000101 0010111101010111111000010001111000011110010000000 0011111011010010111111010000111100110011100100000 0100000110110111011100100000010101110100010001100 0100001111110110111001010000000001011110010000101 0100011001000110110110010101000001100101011000000 0100110111110111111100110010100101011110010000101 0100111101111001110100000010100001010101000010101 0101000000110000100111001111011111100011001011110 0101101010011010110001110001110001011011001000100 0101110010110111011011000000110001011110010001101 0110100010110111111001010000100001011110010000101 0110100110101100100001101000010000111111011100010 0110101011110111111001110000000001011100011000100 0110101110010011111001110000100001011110010000100 0110101110010111101000000011101010011011010000111 0110101110100111100000010000100001011110010000101 0110101110110011101000110001100001000110010000101 0110101110110111011011110000100101001100010000111 0110101110110111101011110000100001011110010000101 0110101110110111111001110000000100001110000000101 0110101110110111111001110000100001011110010000101 0110101110110111111101110000100001011110010000101 0110101110111111110001111000100111011110010000101 0110101111110101111001100001101001011011010000101 0110111010000010111001111110110100111001011011101 0111001010100011111001110100100101011110010010101 0111001011100010101101010100000011101111110010111 0111001111110011010001010010100010001111110001101 0111100010110110100001110000101001011111111100111 0111100110111001010100111010000100100001110100100 0111101100110111010001110010000001111000010000100 0111110110100101011001111010100001011100010000101 0111111011010011100000011001101011010110001110011 1000001001100011001010111010001100011001001011110 1000010000001001011010101001011010010001101010010 1000010000011001000110011011011100100001101110010 1000010001001000001000001101000110100001111011010 1000010001111000000011101011011100100001100111010 1000010011101000000010100101111010000011100011010 1000101010111010000110101111000111101100101111011 1001000001101011000110001011011110100001101111010 1001000101001000000110000111111110100011001010110 1001010000001100000110001111011110100001101011010 1001010001000010000010001111011110100001001111111 1001010001001000000010001111011111101000101111010 1001010001001000000110001110111110000000101111010 1001010001001000000110001111011100100001101111010 1001010001001000000110001111011110100001101111000 1001010001001000010110001111011110100001101111010 1001010001001001001010001111011110100000001011100 1001010001001010000110001110011110100000101011010 1001010001011010000110101111001110100101111111111 1001010011011101110110001100010110100101111011000 1001010101001000000111001111011111100001101111010 1001011001001010000110011101011110000011101111010 1001011111001000000110101111011110000000110110010 1001100000000111000101000011100110100010001111001 1001100100001010101010101111011110000010101111000 1001101111100111101011010010000110101100111101101 1001110001011110010110101111111010110001100111011 1001110011111110100100110000010001101100000011001 1001110111101111001010111110100110110100110111001 1010001100111100110111011101110011001000001110101 1010010100001001010111011001101011101010010101110 1011000001001000110110011100011101100001101111010 1011010001001000000110001111011010100001111111010 1011010011101101000110001111110110101001101110010 1011011100101010111110001111010100101011101101010 1011110001001001011011001101101110100101101110110 1011110101001000001110011110011110100011111111010 1100100110010111111011111100100001011010110001101 1100101101000000111010110100111001010100000010100 1100101110110111111011110100000001011110010000100 1100101110111111101001100100110001011111010011111 1100110001001010010110101101011010000001011000011 1100110011111101001000010010000011111101000000001 1100111110100011100111110000110011001000001101101 1101001010001001111011100110101001100010001100000 1101010001001000000111001111011111100001101111010 1101011010110110010100010110111000011111010000001 1101110111111100001001000011010011100001101011100 1101111101010110000100001111110111111011011110011 1110100010010111101001110100100101011110011010001 1110100011010100101010110000110111110101010110100 1110101010110111111001110000100011011110011000001 1110101100101111101000110010110001111100011100111 1110101110100111101010100100010001110110110100110 1110101110110111111001110000100001011110010001101 1110101111110111111100010010110010010110000011111 1110111011110001101100010001000110111110010011100 1110111111011100011111001111101111100111101110000 1111010011000010001100000001010001101001000111100 1111100100010111011010010101101011011000011100101
1001010001001000000110001111011110100001101111010
7 3
000 001 010 011 100 101 110
111
15 4
0000 0010 0011 0100 0101 0110 0111 1000 1001 1010 1011 1100 1101 1110 1111
0001
31 5
00000 00001 00010 00011 00100 00101 00110 00111 01000 01010 01011 01100 01101 01110 01111 10000 10001 10010 10011 10100 10101 10110 10111 11000 11001 11010 11011 11100 11101 11110 11111
01001
50 50
11111111111111111111111111111111111111111111111110 11111111111111111111111111111111111111111111111101 11111111111111111111111111111111111111111111111011 11111111111111111111111111111111111111111111110111 11111111111111111111111111111111111111111111101111 11111111111111111111111111111111111111111111011111 11111111111111111111111111111111111111111110111111 11111111111111111111111111111111111111111101111111 11111111111111111111111111111111111111111011111111 11111111111111111111111111111111111111110111111111 11111111111111111111111111111111111111101111111111 11111111111111111111111111111111111111011111111111 11111111111111111111111111111111111110111111111111 11111111111111111111111111111111111101111111111111 11111111111111111111111111111111111011111111111111 11111111111111111111111111111111110111111111111111 11111111111111111111111111111111101111111111111111 11111111111111111111111111111111011111111111111111 11111111111111111111111111111110111111111111111111 11111111111111111111111111111101111111111111111111 11111111111111111111111111111011111111111111111111 11111111111111111111111111110111111111111111111111 11111111111111111111111111101111111111111111111111 11111111111111111111111111011111111111111111111111 11111111111111111111111110111111111111111111111111 11111111111111111111111101111111111111111111111111 11111111111111111111111011111111111111111111111111 11111111111111111111110111111111111111111111111111 11111111111111111111101111111111111111111111111111 11111111111111111111011111111111111111111111111111 11111111111111111110111111111111111111111111111111 11111111111111111101111111111111111111111111111111 11111111111111111011111111111111111111111111111111 11111111111111110111111111111111111111111111111111 11111111111111101111111111111111111111111111111111 11111111111111011111111111111111111111111111111111 11111111111110111111111111111111111111111111111111 11111111111101111111111111111111111111111111111111 11111111111011111111111111111111111111111111111111 11111111110111111111111111111111111111111111111111 11111111101111111111111111111111111111111111111111 11111111011111111111111111111111111111111111111111 11111110111111111111111111111111111111111111111111 11111101111111111111111111111111111111111111111111 11111011111111111111111111111111111111111111111111 11110111111111111111111111111111111111111111111111 11101111111111111111111111111111111111111111111111 11011111111111111111111111111111111111111111111111 10111111111111111111111111111111111111111111111111 01111111111111111111111111111111111111111111111111
11111111111111111111111111111111111111111111111111
15 4
0000 0001 0010 0011 0100 0101 0110 1000 1001 1010 1011 1100 1101 1110 1111
0111
1 1
1
0
7 3
000 010 011 100 101 110 111
001
31 5
00000 00001 00010 00011 00100 00101 00110 00111 01000 01001 01010 01011 01100 01101 01111 10000 10001 10010 10011 10100 10101 10110 10111 11000 11001 11010 11011 11100 11101 11110 11111
01110
1 28
0000000000000000000000000000
1111111111111111111111111111
94 50
00000000000001111110001101100100000011000110011010 00000110100011110101001100100100100111010001100100 00001011001110000011100011011101011000110010011011 00001111101001110011101101000110010110111101101101 00011010101011001100011000100000000001101110110000 00011101100000110000001001110100110111000101100110 00100010101010110001001100110010001111000001111111 00100011000011100000001110100000110111000011100110 00100100000011110110001100100000100111000001100110 00100100100010110100001101100001100111000001100110 00100100100011110100011100100100100111000000100111 00100110000001110100001101010000100101001000100111 00100110100001010101111010101000000110101001100110 00100110100001110100101000100000100011000001110110 00100110100001110100101110100000100101000001100110 00100110100010110100001101100000100011010001100010 00100110100011100100001100110000100111100001110010 00100110100011100100011100000000100011000001100110 00100110100011110000001100100000100111000001100110 00100110100011110100001100100000100111000001100100 00100110100011110100001100100000100111000101100110 00100110100011110100001100101000100111000001100110 00100110100011110100011100100000100111000001100010 00100110100011110101001100100000100111000001100110 00100110100011110101011100101001100111000001100110 00100110100011110110001100100000110111000001100111 00100110101011110100001100000000101110000001101010 00100110110011000100101101100000100110010011100110 00100110110111110000011100100010100110001001101111 00100111100011110100001100100000000111000001100110 00100111100011110101001100100000100111000001100111 00100111101010010001011000110000100110010101110010 00101110100011010100001000100000100111000001000110 00101110100011110100001100100000100111000001100110 00101110100011110100001100100000100111001001100110 00110110100011110100001100100000100111000001110110 00110110100101100001000100000000100101010011111110 00111001011101000110010011011011010011001111000100 00111110000001001111101011101101101100011111010110 00111110100011110101001100111000100100010011110110 01001011010110011001010111010101110000101011011001 01001100100100010111110101010001001111011000110001 01010100100111100001011100010010100100100001101100 01010110101001001011011001100111000010010110001011 01010110111011110110111101001000001010110100100011 01010110111100100110001010100010001101110110000110 01011001110100001011110001001011011000111000000000 01011101001101000011011011011111111100111000110001 01100011000010101100000111000101000001111000100010 01100101100011010001000100100000101000000001100010 01110101100010101100100010001000110010100011110111 01110101110110111001000000111011001011100000110011 01111001011110011011111000000110011000111110011111 01111001111100001011110011011111011000101110011001 01111010101001000110010101111000100011001001001010 01111110111000010000101000000001100110101000001100 10001000101011111010001010101100111010111111111010 10001011001001111101111100000000000000000110111101 10001100011000000100111110010110010011010011011010 10010010010111100010101011001011110100001000011001 10011001001100011011100101110100000100101110011001 10011001011101000011010111011111111011111111111001 10011001011110001011110010010111011000110010011001 10011001111100101011110011011111011000111100011001 10100000010010001010001100000001100111101111101111 10100011100100110000000100101111011101100010110111 10100110110011110100000100100000100111000001100110 10100110111011110110001100101010110111100001100110 10100111100000101101111111100101100101010001010101 10101000111100000010000010111101111111111111010101 10111000011000001011100011111110010000110011011001 10111001011101111001110011010101011000111110001001 10111101110010011010001100101011110111011101110110 11001001010110001001111011011111011000111110000001 11001001011000101011110011011111011000111110011001 11001001110101101001010110001000011110101100110111 11001110010100001011110011001111011000111010011111 11001111010100010110001001010111111001111110110010 11010010101101000011110011110101011001101001100001 11010101010000001111010011110000010000110001111001 11011000011100001011110010011111011100111110011001 11011001010100001011110011011111001000111110011000 11011001011100000101110011011111010000111110011001 11011001011100001011110011011111011000111110011001 11011001011100011011110001001111011000011110011001 11011101110100001011101001011101101101111101010110 11100010000000110111010011001001100111010101011101 11100100001000101011101011001010111011001110110110 11101010101110110010010101010100011001100110101101 11101100101000000100010111100101011101111110011110 11110010100011110101011100100000100111001001100111 11111001101111001010011110110111011100001110111001 11111010011100100111100011011111011101111010010101 11111111101000101110011111101111101100111110001000
00100110100011110100001100100000100111000001100110
100 50
00000001001100101010110010111100100100111110010100 00001001100101001100101010100100100110100101110111 00001100111010010110101101011000100001000001100000 00001111001110000001110000000001110001101101101001 00010000000100101001111110111110010010111000010010 00010000010101011111110001111100100100111000110011 00010010001100101001100110110100100100000010110110 00010110111011010110000111001010111011000011001001 00011000100110100111001100000111000101000001101010 00011101101010101111101100011111111011101110101111 00100001000100010001011110101101111110100000010101 00100010011011101100000110001110001111011001110011 00101000110001001001001110110100001101100001011010 00110100111011110010000101001011010011011011001001 01000100101110011100110000110100110110010111101000 01000110000001100111011100001000110101010100011011 01001011000100001011111011110100110110000100011111 01001111100100011101001000011111100011000100000011 01010000111111010110000101011110011001111010001011 01010010101110110110010100001111101011001011101010 01010100101011010110000101001001101111010011001001 01010100111011110111000111001111000011011110001001 01011011100010110110000000111010001110100001001111 01100010001111011101111111111101101001011100011001 01100100101011100110010100001011001011101011001001 01101000010010110000000110001111111001111000010000 01110000111000110110000101001011001011011011101001 01110010011010111100101101000010011011111001001001 01110100011011110110000101000011001011011111001101 01110100110000111010100001001011001011001111101101 01110100110010101010001010101101000011011011011001 01110100111011110010100111001010000111011011001011 01110100111011110110000101001011001011000011001001 01110100111011110110000101001011001011011011001001 01110100111011110111001101000011001011011011001101 01110100111011111110000001001011101011011011100001 01110101000111110111001100100001001011011000100000 01110101011010110000100100100111000011110011101011 01110101111111110110000001000001001011011011001001 01110101111111110110000101001001000010001110001000 01110110000110100111110001100100100111111000000100 01110110111111010110001110011110101011011011101100 01110111011011101011111101101011101011111011000101 01111010111010101100001111001001100011011111001100 01111010111111111111111111100010111100011110010101 10000000000100101001110010000100110100110100100101 10000000101000100101011101011100000010011011010100 10000011000000001000111010111100110101101000010110 10000011000100000001011010111101110010100100111110 10000101001000111010111110110000110110100001010100 10001001000000001011111011100100010101111110110110 10001001001101001001111110110000100100101110110110 10001010000100001001111010110100110100100100110110 10001011000100001001111000110100100100100100110111 10001011000100001001111010110100100100100100110110 10001011000100001001111110110100110100100100110110 10001011000100001100110000110100110101011100100110 10001011000101000001110010110100111101100110110110 10001011000101001101111000010100110100000110010010 10001011000110000000111010110100110100100100110110 10001011001100101001111010010100110110100100111110 10001011001101001001100100000101101000011110110110 10001011001110101000101110110100000100110100110011 10010001001110010000101000111100110000001101100101 10010001010001011001011111000011011110100010011111 10010011110000101011010011000011110010100010100111 10011001000100001001111001110100110100100100100100 10011010001110100001101111110001010110001000010111 10011011001100010011110010010010101100000010100100 10011011100100011001011000110100110000100100110110 10011011101111001000101011110010111100000110110110 10011100011110110100001100011011100110000001000010 10011101001100010001110001101100110000000110110110 10011111010100010101111000100110110000100111111110 10100000000011001000101110010100100100110010110110 10100001000100101101010010110111110101000100110110 10101011001001000111110010000000100001100110101101 10101110000101000101111100010001010100001000110100 10110000111010110100000000110010011101010011001101 10110100101011110110000001011011001011010011001001 10110100111011101100000101011110001011001011001000 10110110001110100111000110001010000100110100101010 11000010000001101001111100101101100100010010110110 11000011000100001010101110110000010000000101011110 11001010011100001001111010110100110101100100110110 11001010100010100001101001100100111111100101110110 11001011000100001000101100110110111100000111110110 11001011000101000001110000110101010100001101110110 11010101000100011111001111111000011100111110101110 11011001001101011001111011110110111100101100110010 11011010010001001011011110010001011000000000110100 11011010010100001001101010010110110101100110100010 11011101110101101000101000000101011001010111011010 11110001110001001010000010011001101010111111001001 11110100111100100010000101001011010010011011001001 11110101101101111111111101001011000011011101010001 11110110101011110110010000011010101010111011101001 11110111010000100010001101001011011011010011011000 11111011000100101101011110100000100000100100110011 11111111100011000110000101101101011111011010101000
10001011000100001001111010110100110100100100110110
48 48
011101000111101101001011111100011111010101010011 011101000111101101001011111100011111010101010000 011101000111101101001011111100011111010101010110 011101000111101101001011111100011111010101011010 011101000111101101001011111100011111010101000010 011101000111101101001011111100011111010101110010 011101000111101101001011111100011111010100010010 011101000111101101001011111100011111010111010010 011101000111101101001011111100011111010001010010 011101000111101101001011111100011111011101010010 011101000111101101001011111100011111000101010010 011101000111101101001011111100011111110101010010 011101000111101101001011111100011110010101010010 011101000111101101001011111100011101010101010010 011101000111101101001011111100011011010101010010 011101000111101101001011111100010111010101010010 011101000111101101001011111100001111010101010010 011101000111101101001011111100111111010101010010 011101000111101101001011111101011111010101010010 011101000111101101001011111110011111010101010010 011101000111101101001011111000011111010101010010 011101000111101101001011110100011111010101010010 011101000111101101001011101100011111010101010010 011101000111101101001011011100011111010101010010 011101000111101101001010111100011111010101010010 011101000111101101001001111100011111010101010010 011101000111101101001111111100011111010101010010 011101000111101101000011111100011111010101010010 011101000111101101011011111100011111010101010010 011101000111101101101011111100011111010101010010 011101000111101100001011111100011111010101010010 011101000111101111001011111100011111010101010010 011101000111101001001011111100011111010101010010 011101000111100101001011111100011111010101010010 011101000111111101001011111100011111010101010010 011101000111001101001011111100011111010101010010 011101000110101101001011111100011111010101010010 011101000101101101001011111100011111010101010010 011101000011101101001011111100011111010101010010 011101001111101101001011111100011111010101010010 011101010111101101001011111100011111010101010010 011101100111101101001011111100011111010101010010 011100000111101101001011111100011111010101010010 011111000111101101001011111100011111010101010010 011001000111101101001011111100011111010101010010 010101000111101101001011111100011111010101010010 001101000111101101001011111100011111010101010010 111101000111101101001011111100011111010101010010
011101000111101101001011111100011111010101010010
49 49
1111111111111111111111111111111111111111111111110 1111111111111111111111111111111111111111111111101 1111111111111111111111111111111111111111111111011 1111111111111111111111111111111111111111111110111 1111111111111111111111111111111111111111111101111 1111111111111111111111111111111111111111111011111 1111111111111111111111111111111111111111110111111 1111111111111111111111111111111111111111101111111 1111111111111111111111111111111111111111011111111 1111111111111111111111111111111111111110111111111 1111111111111111111111111111111111111101111111111 1111111111111111111111111111111111111011111111111 1111111111111111111111111111111111110111111111111 1111111111111111111111111111111111101111111111111 1111111111111111111111111111111111011111111111111 1111111111111111111111111111111110111111111111111 1111111111111111111111111111111101111111111111111 1111111111111111111111111111111011111111111111111 1111111111111111111111111111110111111111111111111 1111111111111111111111111111101111111111111111111 1111111111111111111111111111011111111111111111111 1111111111111111111111111110111111111111111111111 1111111111111111111111111101111111111111111111111 1111111111111111111111111011111111111111111111111 1111111111111111111111110111111111111111111111111 1111111111111111111111101111111111111111111111111 1111111111111111111111011111111111111111111111111 1111111111111111111110111111111111111111111111111 1111111111111111111101111111111111111111111111111 1111111111111111111011111111111111111111111111111 1111111111111111110111111111111111111111111111111 1111111111111111101111111111111111111111111111111 1111111111111111011111111111111111111111111111111 1111111111111110111111111111111111111111111111111 1111111111111101111111111111111111111111111111111 1111111111111011111111111111111111111111111111111 1111111111110111111111111111111111111111111111111 1111111111101111111111111111111111111111111111111 1111111111011111111111111111111111111111111111111 1111111110111111111111111111111111111111111111111 1111111101111111111111111111111111111111111111111 1111111011111111111111111111111111111111111111111 1111110111111111111111111111111111111111111111111 1111101111111111111111111111111111111111111111111 1111011111111111111111111111111111111111111111111 1110111111111111111111111111111111111111111111111 1101111111111111111111111111111111111111111111111 1011111111111111111111111111111111111111111111111 0111111111111111111111111111111111111111111111111
1111111111111111111111111111111111111111111111111
31 5
00000 00001 00010 00011 00100 00101 00110 00111 01000 01001 01010 01011 01100 01101 01110 01111 10000 10001 10010 10011 10100 10101 10110 10111 11000 11001 11010 11100 11101 11110 11111
11011
15 4
0000 0001 0010 0100 0101 0110 0111 1000 1001 1010 1011 1100 1101 1110 1111
0011
31 5
00000 00001 00010 00011 00100 00101 00110 00111 01000 01001 01010 01011 01100 01101 01110 01111 10000 10001 10010 10011 10100 10110 10111 11000 11001 11010 11011 11100 11101 11110 11111
10101
46 46
0010100010111000100000101101111111001100010011 0010100010111000100000101101111111001100010000 0010100010111000100000101101111111001100010110 0010100010111000100000101101111111001100011010 0010100010111000100000101101111111001100000010 0010100010111000100000101101111111001100110010 0010100010111000100000101101111111001101010010 0010100010111000100000101101111111001110010010 0010100010111000100000101101111111001000010010 0010100010111000100000101101111111000100010010 0010100010111000100000101101111111011100010010 0010100010111000100000101101111111101100010010 0010100010111000100000101101111110001100010010 0010100010111000100000101101111101001100010010 0010100010111000100000101101111011001100010010 0010100010111000100000101101110111001100010010 0010100010111000100000101101101111001100010010 0010100010111000100000101101011111001100010010 0010100010111000100000101100111111001100010010 0010100010111000100000101111111111001100010010 0010100010111000100000101001111111001100010010 0010100010111000100000100101111111001100010010 0010100010111000100000111101111111001100010010 0010100010111000100000001101111111001100010010 0010100010111000100001101101111111001100010010 0010100010111000100010101101111111001100010010 0010100010111000100100101101111111001100010010 0010100010111000101000101101111111001100010010 0010100010111000110000101101111111001100010010 0010100010111000000000101101111111001100010010 0010100010111001100000101101111111001100010010 0010100010111010100000101101111111001100010010 0010100010111100100000101101111111001100010010 0010100010110000100000101101111111001100010010 0010100010101000100000101101111111001100010010 0010100010011000100000101101111111001100010010 0010100011111000100000101101111111001100010010 0010100000111000100000101101111111001100010010 0010100110111000100000101101111111001100010010 0010101010111000100000101101111111001100010010 0010110010111000100000101101111111001100010010 0010000010111000100000101101111111001100010010 0011100010111000100000101101111111001100010010 0000100010111000100000101101111111001100010010 0110100010111000100000101101111111001100010010 1010100010111000100000101101111111001100010010
0010100010111000100000101101111111001100010010
63 6
000000 000001 000010 000011 000100 000101 000110 000111 001000 001001 001010 001011 001100 001101 001110 001111 010000 010001 010010 010011 010100 010101 010110 010111 011000 011001 011010 011011 011100 011101 011110 011111 100000 100001 100010 100011 100100 100101 100110 100111 101000 101001 101010 101011 101100 101101 101111 110000 110001 110010 110011 110100 110101 110110 110111 111000 111001 111010 111011 111100 111101 111110 111111
101110
15 4
0000 0001 0010 0011 0100 0101 0110 0111 1000 1001 1010 1011 1100 1110 1111
1101
31 5
00000 00001 00010 00011 00100 00101 00110 00111 01000 01001 01010 01011 01100 01101 01110 01111 10000 10001 10011 10100 10101 10110 10111 11000 11001 11010 11011 11100 11101 11110 11111
10010
31 5
00000 00001 00010 00011 00100 00101 00110 00111 01000 01001 01010 01011 01100 01101 01110 01111 10000 10001 10010 10100 10101 10110 10111 11000 11001 11010 11011 11100 11101 11110 11111
10011
3 2
01 10 11
00
3 3
110 101 011
111
31 5
00000 00001 00010 00011 00100 00101 00110 00111 01001 01010 01011 01100 01101 01110 01111 10000 10001 10010 10011 10100 10101 10110 10111 11000 11001 11010 11011 11100 11101 11110 11111
01000
41 41
10011101000111100101100000110111111100010 10011101000111100101100000110111111100001 10011101000111100101100000110111111100111 10011101000111100101100000110111111101011 10011101000111100101100000110111111110011 10011101000111100101100000110111111000011 10011101000111100101100000110111110100011 10011101000111100101100000110111101100011 10011101000111100101100000110111011100011 10011101000111100101100000110110111100011 10011101000111100101100000110101111100011 10011101000111100101100000110011111100011 10011101000111100101100000111111111100011 10011101000111100101100000100111111100011 10011101000111100101100000010111111100011 10011101000111100101100001110111111100011 10011101000111100101100010110111111100011 10011101000111100101100100110111111100011 10011101000111100101101000110111111100011 10011101000111100101110000110111111100011 10011101000111100101000000110111111100011 10011101000111100100100000110111111100011 10011101000111100111100000110111111100011 10011101000111100001100000110111111100011 10011101000111101101100000110111111100011 10011101000111110101100000110111111100011 10011101000111000101100000110111111100011 10011101000110100101100000110111111100011 10011101000101100101100000110111111100011 10011101000011100101100000110111111100011 10011101001111100101100000110111111100011 10011101010111100101100000110111111100011 10011101100111100101100000110111111100011 10011100000111100101100000110111111100011 10011111000111100101100000110111111100011 10011001000111100101100000110111111100011 10010101000111100101100000110111111100011 10001101000111100101100000110111111100011 10111101000111100101100000110111111100011 11011101000111100101100000110111111100011 00011101000111100101100000110111111100011
10011101000111100101100000110111111100011
63 6
000001 000010 000011 000100 000101 000110 000111 001000 001001 001010 001011 001100 001101 001110 001111 010000 010001 010010 010011 010100 010101 010110 010111 011000 011001 011010 011011 011100 011101 011110 011111 100000 100001 100010 100011 100100 100101 100110 100111 101000 101001 101010 101011 101100 101101 101110 101111 110000 110001 110010 110011 110100 110101 110110 110111 111000 111001 111010 111011 111100 111101 111110 111111
000000
15 4
0000 0001 0010 0011 0100 0101 0110 0111 1000 1001 1010 1100 1101 1110 1111
1011
47 47
11010110011110001001100001011110111000110011001 11010110011110001001100001011110111000110011010 11010110011110001001100001011110111000110011100 11010110011110001001100001011110111000110010000 11010110011110001001100001011110111000110001000 11010110011110001001100001011110111000110111000 11010110011110001001100001011110111000111011000 11010110011110001001100001011110111000100011000 11010110011110001001100001011110111000010011000 11010110011110001001100001011110111001110011000 11010110011110001001100001011110111010110011000 11010110011110001001100001011110111100110011000 11010110011110001001100001011110110000110011000 11010110011110001001100001011110101000110011000 11010110011110001001100001011110011000110011000 11010110011110001001100001011111111000110011000 11010110011110001001100001011100111000110011000 11010110011110001001100001011010111000110011000 11010110011110001001100001010110111000110011000 11010110011110001001100001001110111000110011000 11010110011110001001100001111110111000110011000 11010110011110001001100000011110111000110011000 11010110011110001001100011011110111000110011000 11010110011110001001100101011110111000110011000 11010110011110001001101001011110111000110011000 11010110011110001001110001011110111000110011000 11010110011110001001000001011110111000110011000 11010110011110001000100001011110111000110011000 11010110011110001011100001011110111000110011000 11010110011110001101100001011110111000110011000 11010110011110000001100001011110111000110011000 11010110011110011001100001011110111000110011000 11010110011110101001100001011110111000110011000 11010110011111001001100001011110111000110011000 11010110011100001001100001011110111000110011000 11010110011010001001100001011110111000110011000 11010110010110001001100001011110111000110011000 11010110001110001001100001011110111000110011000 11010110111110001001100001011110111000110011000 11010111011110001001100001011110111000110011000 11010100011110001001100001011110111000110011000 11010010011110001001100001011110111000110011000 11011110011110001001100001011110111000110011000 11000110011110001001100001011110111000110011000 11110110011110001001100001011110111000110011000 10010110011110001001100001011110111000110011000 01010110011110001001100001011110111000110011000
11010110011110001001100001011110111000110011000
