99
2525 1
2400 5
300 2
120 60
60 90
984023224 1
734713259 2512
200000 2
5001 1
5000 9
1000000000 2
999999996 3
999999997 2
829543415 1
53336489 4520
986939597 1
840301008 3062
1000000000 2
999999998 3
999999999 2
410882936 1
335132675 4354
339350171 1
247339596 7572
728527378 1
405957427 2170
26651692 1
23617441 366
561878534 1
172218054 9701
326952718 1
63852748 5986
1000000000 2
2 2
1 3
399339610 1
115377529 359
777285250 1
536139336 2694
41346799 1
37163444 280
214063164 1
171701361 4712
190174813 1
123902924 5680
271124300 1
39113717 9415
1000000000 2
999999997 3
999999998 2
171639488 1
59232015 6123
1000000000 2
998000000 10000
999000000 10000
522858200 1
192115987 6421
90754713 1
90743884 8710
743772608 1
218389459 6032
457483501 2
119219476 1997
190155765 2231
1000000000 1
999999999 10000
266019605 1
63212984 3241
103741720 1
24958464 9466
1000000000 2
100 10000
200 10000
184501320 1
67483192 1349
662760263 1
144448455 8768
89224623 1
79639182 7046
314193471 1
145074378 2125
621252870 1
72344960 8153
310063301 1
181578597 9905
100478442 1
11233469 4759
482873761 1
308647094 4955
237309607 1
41308965 5137
861100632 1
703605581 5065
2 1
1 10000
240147136 1
35646252 9260
566885143 1
545387138 6837
638786836 1
365095956 738
24485034 1
7692933 6442
715622073 1
355755438 1944
230777811 1
209875378 9149
826200754 1
633625881 6860
211084267 1
97725463 8370
1000000000 2
999000000 1
998000000 1
775331513 1
355822030 8021
975508131 1
694566069 2120
524655691 2
475296430 47
67721187 5966
349506117 1
310440303 4760
2 1
1 1
453250960 1
85087611 9311
965944854 1
78252700 424
734204857 1
150706666 3609
551944540 1
129084334 2241
130734466 1
118447872 440
595241552 1
414851660 5360
291623918 1
196973495 2264
592600536 1
52265697 6043
343641961 1
19570462 797
3562887 1
2376747 7166
876898094 1
30059327 1607
957580388 1
723737789 3037
48392464 1
46879256 8857
202936690 1
37489937 7338
575271757 1
176208425 6773
442968566 1
385913876 6589
1000000000 1
999999999 1
1000000000 1
1 1
463747427 1
279527070 4188
6193507 1
4430098 5685
521950595 1
81459007 3992
672894201 1
601849523 294
452067346 1
323473227 969
716119805 1
344426733 6071
1000000000 1
1 10000
173820476 1
83268144 1492
792332075 1
118276461 4668
405638864 1
311760209 5922
508033260 1
202914002 7746
774289649 1
563490935 7819
373594387 1
29582010 1661
457627912 1
158232310 5048
935468796 1
918230113 4793
472136869 1
263146149 9705
611981560 1
62688381 8942
270062715 1
181303279 2802
1000000000 2
12345676 2
12345675 3
928380965 1
581514801 8713
605928953 1
571734436 1774
380896968 1
265344181 4307
318852602 1
289675224 2519
110255461 1
72048980 1634
