99
6 2 0 2 0 2 0
3 1 0 2 0 0 0
788 352 0 147 0 289 0
50 6 0 25 0 19 0
631 174 0 214 0 243 0
405 61 0 177 0 167 0
7 2 0 3 0 2 0
4 1 0 1 0 2 0
668 213 0 25 0 430 0
793 184 0 315 0 294 0
6 1 0 2 0 3 0
433 172 0 8 0 253 0
999 249 0 500 0 250 0
767 299 0 380 0 88 0
222 194 0 27 0 1 0
257 251 0 2 0 4 0
999 333 0 333 0 333 0
513 136 0 210 0 167 0
161 67 0 63 0 31 0
529 69 0 261 0 199 0
545 227 0 69 0 249 0
3 0 0 0 0 3 0
440 210 0 82 0 148 0
788 352 0 197 0 239 0
127 41 0 57 0 29 0
4 1 0 0 0 3 0
583 246 0 228 0 109 0
303 141 0 75 0 87 0
4 2 0 1 0 1 0
12 6 0 1 0 5 0
1000 500 0 0 0 500 0
243 109 0 113 0 21 0
138 60 0 9 0 69 0
999 499 0 1 0 499 0
287 81 0 65 0 141 0
401 16 0 146 0 239 0
171 62 0 77 0 32 0
660 175 0 304 0 181 0
59 20 0 28 0 11 0
3 1 0 1 0 1 0
407 154 0 82 0 171 0
971 38 0 459 0 474 0
5 3 0 1 0 1 0
5 2 0 1 0 2 0
207 66 0 99 0 42 0
468 199 0 37 0 232 0
147 70 0 28 0 49 0
1000 333 0 334 0 333 0
334 130 0 135 0 69 0
490 185 0 180 0 125 0
696 343 0 262 0 91 0
6 0 0 3 0 3 0
427 140 0 202 0 85 0
435 421 0 12 0 2 0
294 135 0 120 0 39 0
1000 0 0 499 0 501 0
737 361 0 300 0 76 0
4 2 0 2 0 0 0
1000 500 0 250 0 250 0
753 261 0 125 0 367 0
457 220 0 55 0 182 0
176 58 0 65 0 53 0
1000 500 0 1 0 499 0
265 15 0 237 0 13 0
140 40 0 66 0 34 0
458 99 0 189 0 170 0
631 95 0 304 0 232 0
364 165 0 105 0 94 0
663 236 0 292 0 135 0
534 171 0 241 0 122 0
136 6 0 65 0 65 0
103 38 0 14 0 51 0
494 220 0 67 0 207 0
16 6 0 6 0 4 0
901 341 0 287 0 273 0
589 260 0 204 0 125 0
652 141 0 246 0 265 0
692 333 0 69 0 290 0
918 35 0 436 0 447 0
592 223 0 222 0 147 0
568 270 0 213 0 85 0
37 3 0 18 0 16 0
837 52 0 32 0 753 0
25 6 0 12 0 7 0
4 1 0 2 0 1 0
5 0 0 2 0 3 0
894 403 0 354 0 137 0
779 284 0 369 0 126 0
145 103 0 5 0 37 0
536 249 0 118 0 169 0
284 48 0 119 0 117 0
196 70 0 41 0 85 0
554 145 0 257 0 152 0
3 0 0 2 0 1 0
684 287 0 248 0 149 0
999 500 0 499 0 0 0
631 130 0 47 0 454 0
666 212 0 133 0 321 0
999 250 0 250 0 499 0
