99
6 2 0 2 0 2 0
3 1 0 2 0 0 0
887 152 0 404 0 331 0
978 474 0 261 0 243 0
656 215 0 210 0 231 0
724 201 0 296 0 227 0
999 250 0 249 0 500 0
153 6 0 2 0 145 0
4 1 0 2 0 1 0
687 203 0 167 0 317 0
33 27 0 2 0 4 0
836 371 0 106 0 359 0
5 2 0 2 0 1 0
636 43 0 308 0 285 0
123 25 0 53 0 45 0
7 2 0 2 0 3 0
826 78 0 54 0 694 0
6 3 0 3 0 0 0
344 149 0 163 0 32 0
828 382 0 338 0 108 0
183 46 0 50 0 87 0
4 3 0 0 0 1 0
1000 500 0 250 0 250 0
546 77 0 230 0 239 0
962 226 0 260 0 476 0
549 120 0 213 0 216 0
6 1 0 3 0 2 0
142 53 0 41 0 48 0
762 215 0 260 0 287 0
801 269 0 361 0 171 0
557 171 0 294 0 92 0
901 356 0 123 0 422 0
581 298 0 218 0 65 0
668 324 0 322 0 22 0
297 73 0 84 0 140 0
653 174 0 325 0 154 0
296 105 0 140 0 51 0
706 286 0 336 0 84 0
227 70 0 52 0 105 0
44 6 0 21 0 17 0
1000 0 0 500 0 500 0
4 1 0 1 0 2 0
580 249 0 282 0 49 0
977 447 0 96 0 434 0
4 2 0 1 0 1 0
3 0 0 2 0 1 0
702 328 0 243 0 131 0
3 0 0 3 0 0 0
262 131 0 5 0 126 0
558 80 0 71 0 407 0
999 499 0 499 0 1 0
338 278 0 16 0 44 0
236 90 0 61 0 85 0
562 275 0 258 0 29 0
430 209 0 123 0 98 0
1000 500 0 1 0 499 0
473 199 0 94 0 180 0
429 146 0 129 0 154 0
285 86 0 180 0 19 0
116 40 0 22 0 54 0
935 466 0 170 0 299 0
84 42 0 33 0 9 0
971 393 0 235 0 343 0
650 301 0 235 0 114 0
639 253 0 302 0 84 0
469 155 0 162 0 152 0
695 31 0 342 0 322 0
466 35 0 394 0 37 0
568 188 0 269 0 111 0
43 15 0 21 0 7 0
734 321 0 237 0 176 0
3 1 0 1 0 1 0
245 88 0 107 0 50 0
186 55 0 69 0 62 0
1000 333 0 334 0 333 0
999 499 0 0 0 500 0
688 33 0 554 0 101 0
4 2 0 0 0 2 0
5 3 0 0 0 2 0
999 333 0 333 0 333 0
322 86 0 109 0 127 0
471 216 0 133 0 122 0
487 224 0 171 0 92 0
999 250 0 499 0 250 0
812 361 0 187 0 264 0
581 117 0 253 0 211 0
119 39 0 43 0 37 0
5 3 0 1 0 1 0
274 126 0 66 0 82 0
139 57 0 47 0 35 0
436 135 0 214 0 87 0
686 336 0 121 0 229 0
66 33 0 30 0 3 0
160 43 0 53 0 64 0
710 315 0 258 0 137 0
886 288 0 374 0 224 0
950 156 0 345 0 449 0
923 414 0 257 0 252 0
1000 0 0 499 0 501 0
