100
2 1
500 300
900
660
2 1
500 300
1500
809
2 2
50 100
450 449
1100 1101
2 1
500 300
300
500
1 8
10
11 13 17 11 16 14 12 18
1 7
2
200 202 179 216 198 198 201
2 1
34242 733739
955281
976538
1 2
1
1165 1100
2 8
62151 578189
953066 433181 938919 918631 540822 898218 995664 791817
487272 579333 894283 883870 707093 851968 844844 878820
1 1
7
77
2 4
3 3
286 1228 540 877
1284 660 293 820
2 8
10 7
7783 5000 7640 2077 6600 2943 1100 4152
3500 630 2944 5132 2024 4951 1540 3780
1 5
235412
675724 821398 877680 999864 890597
1 8
3
1835 7200 1737 6480 646 270 6600 607
2 8
547060 58823
823718 494870 575124 673967 211846 499471 539954 991655
819851 738647 800237 805173 961514 897210 424771 718928
1 5
9
72 28 81 67 54
1 6
6
4526 4596 4800 4320 5263 4383
1 8
10
3 1 2 6 8 4 5 7
1 2
4
5670 5945
2 6
61667 334361
894309 910338 980911 685740 886644 882635
931932 992234 656984 627386 877543 863624
2 8
3 4
6963 6536 6930 6291 6673 6299 6102 6837
7560 8626 7596 8388 9131 8061 7724 9242
2 4
6 1
7836 8408 8580 7096
1416 1248 1182 1170
2 8
1 6
400 652 456 720 187 330 110 613
3848 5280 3943 603 1620 1176 2400 3291
2 8
2 7
12 12 22 8 9 13 12 16
42 42 40 40 28 61 33 63
2 7
286718 44844
817538 654924 920741 986248 634928 627742 879367
997034 616001 402392 678532 812199 500314 638693
1 6
1
1 4 5 9 2 4
2 5
1 9
270 431 95 200 471
1800 4295 3933 840 2970
2 8
1 1
1000000 999999 999998 999997 999996 999995 999994 999993
999992 999991 999990 999989 999988 999987 999986 999985
2 3
7 10
8378 2100 6861
9664 11076 3000
2 6
8 1
8000 8271 7631 8800 7382 8138
1000 1076 1017 953 980 900
2 8
106530 91548
868732 855272 785883 342647 967021 868461 950249 84702
926634 692102 988259 749785 134932 391809 865939 934381
1 6
4
3531 3960 3830 3600 3930 3600
2 1
167106 328111
963384
214277
2 4
3 9
660 300 1163 914
900 1620 2927 3334
1 7
2
2616 2514 2484 2555 2640 2387 2400
1 8
7
8470 7151 7258 8470 7974 7686 8319 7433
1 4
9
9900 9018 8402 9314
1 1
1
784
1 3
1000000
900000 900001 899999
1 4
4
2800 4636 378 1080
2 3
5 6
962 980 900
1320 1194 1132
2 5
1 3
270 517 94 200 421
270 990 600 1089 1650
1 7
530097
568954 997524 972191 894251 612558 78720 755848
2 5
325922 162088
600521 692127 633958 998353 960590
795378 746979 901322 647240 941089
1 8
593846
998324 333669 625043 968020 758558 780277 946110 666008
1 6
6
3588 3875 3914 3570 3960 3357
2 8
6 10
28 42 54 48 54 30 30 29
50 110 110 80 45 48 77 52
2 3
1 7
5 6 6
42 37 40
2 8
9 9
9 99 9 9 9 9 9 9
81 9 9 9 9 9 9 9
1 5
3
3824 6896 3300 8250 324
2 7
5 5
3291 3208 1500 2430 546 2200 954
3295 925 2437 1800 1500 3005 510
1 3
2
2613 5060 2591
1 6
23592
939886 895790 83471 808327 768357 800680
2 2
6 9
6 6
9 9
2 1
6 9
14127
19758
1 2
10
4500 5000
1 5
1
110 411 210 474 300
1 3
8
12960 4840 4119
2 8
9 8
1620 1688 1931 1620 1749 1800 1705 1708
1528 1462 1760 1760 1436 1672 1770 1600
2 8
8 3
3173 5150 1491 5760 2640 4230 4800 800
1130 1800 300 598 1531 1998 810 2640
2 8
8 8
8 8 8 8 8 8 8 72
8 8 8 8 8 88 8 8
2 2
7 7
15 13
15 14
1 3
3
900 653 311
2 3
8 5
88 64 40
40 24 45
1 3
8
17 72 60
1 7
10
9 110 9 10 9 10 11
2 8
1 6
2420 2100 990 600 910 301 324 915
11880 1820 1929 5557 5783 12600 3600 4860
2 8
8 4
26 59 88 88 51 8 56 32
36 12 30 26 36 4 16 28
2 4
160808 11872
997305 994077 829067 990398
929139 789767 854139 411409
2 2
1 10
9 7
77 110
1 2
3
567 612
1 6
2
646 1177 1100 800 384 194
1 3
1
2408 2761 2505
1 7
648153
999784 915079 578401 967384 918654 266010 983012
2 5
6 10
1320 3000 1793 2460 614
2720 1018 4239 1800 5000
2 8
1 10
2038 2108 2100 2118 1890 2279 2040 1890
20375 21305 18928 23100 21000 22760 23100 20545
2 1
2 2
4808
4808
1 8
36219
990858 943590 955893 794215 279695 767348 603139 978821
2 4
7 8
7000 7700 7377 6552
8153 7991 7200 8000
2 8
3 8
4072 4293 4620 4038 4550 4244 3905 4200
11036 11275 11200 12250 11045 10080 11439 10326
2 1
382441 203857
974622
678715
2 4
2 8
2055 5500 4600 2392
18400 9070 8030 18000
1 6
4
6000 5400 5511 6600 6479 5643
1 1
3
6714
2 8
9 1
22676 20811 22159 24750 22509 23724 22527 24750
2501 2503 2738 2250 2467 2721 2471 2250
2 8
3 5
3 27 3 3 27 3 3 3
5 5 5 5 5 55 55 5
2 1
2 8
22
72
1 1
7
9800
2 8
10 8
12210 10960 9900 10445 11521 9952 10056 11493
9680 8212 8768 9175 9113 8370 7992 9284
2 6
5 7
11491 12500 13006 12703 11250 13610
17500 16824 18392 18822 19250 17895
2 4
2 6
4220 3718 3897 4400
12015 12038 11483 10800
1 7
3
27 15 17 11 18 25 27
1 4
9
1703 3890 2970 900
2 8
5 8
550 500 526 487 452 533 450 478
814 720 800 880 764 843 733 807
2 8
6 3
49 45 35 54 44 24 18 66
27 23 17 22 12 22 9 33
2 6
1 5
2591 785 2292 605 1800 2640
11615 12919 10800 3874 9000 3186
2 1
9 3
99
27
2 8
2 1
3681 4620 220 1675 2238 2350 600 1200
90 1797 1296 1890 300 849 1275 600
1 1
5
7666
2 5
9 3
850 3600 2953 4799 1980
1200 1468 986 273 540
