1
80 15 55 89 33 87
11 5 16 5 0 0
3 1 3 2 2 0
3 1 3 2 1 0
2 1 5 1 1 1
97 1 41 48 2 13
13 9 73 7 23 1
92 1 96 45 0 1
53 1 59 24 1 4
97 1 98 49 0 1
50 1 66 24 2 2
95 1 91 46 0 1
93 1 92 47 0 1
37 4 63 19 7 3
96 1 95 47 0 1
97 1 25 48 0 4
100 1 95 50 0 1
92 1 32 47 0 3
92 1 100 45 0 1
63 4 47 94 9 6
98 1 100 49 0 1
95 4 23 34 0 0
56 1 38 18 2 1
31 1 99 16 4 8
100 1 98 51 0 1
79 1 16 43 1 4
96 1 90 48 0 1
98 1 91 48 0 1
100 1 100 50 0 1
70 1 80 37 2 7
53 1 87 26 3 2
96 1 92 48 0 1
22 1 44 24 6 5
91 1 23 47 0 4
95 1 88 33 4 9
99 1 96 49 0 1
95 1 91 47 0 1
98 1 94 49 0 1
91 1 95 45 0 1
100 1 33 53 0 3
99 1 23 52 0 4
99 1 96 50 0 1
93 1 46 47 0 2
28 5 50 7 0 0
7 15 48 78 13 35
96 1 53 88 1 39
94 1 23 51 0 4
96 1 90 49 0 1
96 1 31 51 0 3
9 1 59 4 4 1
93 1 31 48 0 3
10 15 69 5 9 1
97 1 97 47 0 1
92 1 19 23 0 0
96 1 46 47 0 2
99 1 46 48 0 2
100 1 48 50 0 2
92 1 97 46 0 1
92 1 92 47 0 1
93 1 98 45 0 1
40 2 45 22 9 2
93 1 92 45 0 1
61 1 49 25 2 1
96 1 47 47 0 2
99 1 93 49 0 1
93 1 97 45 0 1
36 41 85 76 28 49
78 1 23 32 2 1
98 1 24 52 0 4
56 7 48 30 29 1
90 1 91 44 0 1
90 1 92 44 0 1
45 1 83 42 2 14
32 1 91 17 4 1
100 1 23 50 0 4
97 1 96 48 0 1
94 1 91 46 0 1
93 1 93 45 0 1
65 6 99 11 3 1
90 1 97 44 0 1
98 1 98 50 0 1
100 33 60 60 2 4
96 1 33 50 0 3
98 1 94 50 0 1
93 1 30 47 0 3
90 1 94 45 0 1
98 1 46 50 0 2
74 1 98 32 4 6
4 1 93 1 1 2
97 1 33 47 0 3
88 7 48 60 0 0
94 1 45 49 0 2
26 1 60 13 3 2
92 1 92 46 0 1
99 2 2 8 0 0
93 1 95 47 0 1
94 1 91 48 0 1
2 1 52 55 2 4
100 1 24 53 0 4
91 1 90 46 0 1
