100
11 5 16 5 0 0
3 1 3 2 2 0
3 1 3 2 1 0
2 1 5 1 1 1
99 1 24 48 0 4
22 23 40 13 9 6
26 1 60 13 3 2
96 1 31 49 0 3
30 1 73 17 3 8
28 5 50 7 0 0
96 1 48 49 0 2
51 1 10 48 3 13
89 1 87 38 3 2
99 1 46 49 0 2
79 5 80 32 3 6
93 1 100 46 0 1
91 1 94 46 0 1
97 1 22 50 0 4
100 1 23 52 0 4
97 1 93 47 0 1
94 1 90 48 0 1
93 1 91 47 0 1
57 1 56 24 4 5
92 1 94 46 0 1
97 1 97 49 0 1
96 1 90 48 0 1
95 1 48 49 0 2
93 1 46 45 0 2
79 1 68 34 3 3
91 1 93 46 0 1
30 10 53 59 5 2
99 1 98 48 0 1
96 22 53 51 5 5
91 1 30 48 0 3
92 1 92 47 0 1
96 1 94 47 0 1
32 62 80 100 5 8
80 1 75 32 1 9
92 1 94 47 0 1
100 1 95 49 0 1
97 1 76 48 2 2
100 1 91 49 0 1
80 15 55 89 33 87
95 1 93 46 0 1
99 1 96 50 0 1
96 1 32 49 0 3
100 1 97 51 0 1
94 1 30 46 0 3
97 1 94 48 0 1
90 1 46 47 0 2
87 1 51 9 1 6
92 1 24 47 0 4
93 1 98 47 0 1
97 1 98 47 0 1
80 1 61 35 2 7
91 1 91 45 0 1
98 1 32 52 0 3
54 3 21 97 2 15
90 1 94 45 0 1
98 1 23 52 0 4
94 1 47 49 0 2
95 4 23 34 0 0
99 1 100 48 0 1
98 1 91 48 0 1
96 1 22 49 0 4
36 41 85 76 28 49
92 1 19 23 0 0
99 1 90 49 0 1
95 1 92 48 0 1
74 1 95 38 1 2
48 1 39 22 1 2
66 2 61 24 14 1
100 1 47 49 0 2
96 1 97 48 0 1
91 1 23 47 0 4
68 1 52 32 4 2
91 1 91 46 0 1
47 1 90 19 1 10
84 1 74 44 3 8
69 1 26 29 2 5
91 1 97 44 0 1
100 1 99 49 0 1
100 1 90 49 0 1
98 1 33 50 0 3
99 2 2 8 0 0
100 1 100 51 0 1
100 1 2 62 1 48
19 9 71 11 2 3
98 1 96 48 0 1
55 1 81 30 3 9
99 1 30 51 0 3
95 1 93 47 0 1
91 38 89 59 18 9
91 1 92 45 0 1
51 1 85 28 4 5
100 1 96 49 0 1
88 7 48 60 0 0
53 1 79 25 2 17
92 1 92 45 0 1
97 1 96 47 0 1
