100
5
181674938 75627755 771250242 330453015 418338550
171246026 982304273 725445894 281246125 987123784
5
885764970 582607422 53856439 10858117 561513852
832341456 161580265 746030537 374989087 910562389
5
959017227 98615909 550840652 564390736 33656531
506482488 811615418 667656927 961225866 366653904
5
12506557 372152099 685271785 935406450 692256929
14726270 59462664 768016428 158141993 866686774
5
746186764 159003747 841684416 752899727 31713594
488692416 55239385 10854263 43693806 24492657
5
833815773 117351541 280112009 962232028 900050594
924393931 471842526 912747174 190998472 199600200
5
858417598 948112984 649818140 657479531 656670770
379717682 600004217 348148742 840376305 476504005
5
57838034 621412399 898115352 910654649 579579561
725484362 240539067 187460130 460987147 644877865
5
129615714 130506112 80816683 310770024 411867989
66720067 712223135 36878903 91674799 872283875
5
204978201 392355309 787234000 530391592 774964952
520937195 293829973 434664698 755755104 589246721
5
109102670 791604491 280524296 905863923 744378399
530999929 976748159 663837418 354261784 979340060
5
903506363 142519963 633575893 116927724 359721350
630954104 116600044 59666685 70862379 725526860
5
322524495 447662501 690911859 8151082 562967552
647411401 104493194 721291698 209992520 297909529
5
36785034 798749967 941627403 336633157 864401300
799547140 985030594 49380266 751364593 796945233
5
323694220 559625479 364920488 771931160 795085251
113579896 472496653 798051872 549760401 130620830
5
500472212 303711127 309630343 773837263 325715736
425176599 95284444 503493 712223995 53649992
5
864266426 88851773 42309389 116004752 58855130
63334953 266296806 236561619 340300255 582676549
5
996769670 207895542 346199429 19144030 945790115
290960044 8289768 49579957 99099155 903373975
5
804595286 283873041 787269833 222552027 73588769
3735351 116024885 152329082 500179715 702168070
5
191850510 423298943 163423116 468616297 47187921
14447491 221514984 849277853 962966964 265478010
5
381401584 148802434 238426394 184839914 506173319
860966296 251340592 446918155 144517028 284055373
5
495090786 7463135 693618868 514992151 32470967
128879382 478113249 88279817 4388891 779376492
5
854753539 843910140 441474027 658982618 783769441
52335085 993551098 597188199 681804826 62194063
5
463097723 605657149 34990127 793934173 727880987
571530386 355448338 483014817 734213332 89325250
5
557596062 896155495 674117610 433303184 768460247
375718819 929135443 851191858 737779926 275953044
5
635987216 429372200 905953834 185324870 458087714
735955300 754017713 637534369 179466425 874618375
5
750963904 892350616 24841316 699223206 442874726
546728068 610943390 585969483 392349819 584210524
5
879737241 979859190 681504032 675859821 218273822
288273413 337895002 949808342 202820187 821946262
5
863563499 191525027 487414550 826071701 489339961
479124783 923975392 537724455 359074931 624378167
5
215623178 933908634 208953924 355791703 629838762
149491261 587775276 471696770 144360374 48048631
5
130787780 17422657 298115722 906090635 99215460
927778533 524943746 80982970 59255165 132275301
2
35037876 35037876
76245418 76245418
5
202985825 851163004 49521678 224456375 604583734
92512133 650648326 394591214 57672759 787423927
5
771821653 827607703 89914707 666411376 91815018
853402153 62333181 858245448 106382222 401480308
5
125011292 427926005 185766545 223281861 387636793
682601868 828690647 329964034 410222919 680381946
5
513343659 842004312 269172837 715530306 546442583
152572794 655863621 475580204 386100561 75251655
5
28585750 437995177 30637745 16467516 882552580
279034821 236512555 604078196 381053219 101730292
5
96826831 549514029 147709847 297990866 614155446
724249876 126458085 849707947 969777160 618716973
5
701492835 125381705 165854229 143062589 640490947
737845188 461172563 364725017 563431933 568159932
5
979219714 302185607 332502952 135950684 176556296
384702157 135447192 611815949 106340214 314182771
5
106249945 996589181 59325629 661874272 21291203
750233782 170058137 629750055 32254893 360468543
5
249585897 90547205 388607721 169008816 28483815
782073657 531474448 849017391 573932590 479612881
5
405020235 207926806 166083020 350415474 85262777
725158832 899086573 927438610 278474385 45209169
5
196751211 891698104 47660775 796958586 634290168
381364867 53101660 366027050 49487851 275028844
5
916927509 747595994 448152692 209595024 111745808
253902219 93718251 364048877 814137270 896158282
5
493544800 889070267 547519407 190558166 966508123
581459081 270100458 57475315 308522028 512085545
5
983077235 237286289 879807059 593483625 685792103
51116412 263519591 423052833 955605271 833636769
5
339701405 730870077 231224236 628419878 18319624
115199352 623574445 518139909 453776263 554524998
5
301067316 594812232 844276015 402593653 279812730
220701571 31937393 826036468 325212244 273429628
5
447627358 81840 569041019 410385214 949746817
663423008 191841813 900258966 365999605 44675381
5
955736896 655385959 460282764 725475006 298431606
560120790 467709885 160502018 840612238 829896925
5
384399319 616576286 795097544 52803647 769987638
474871308 892301630 76859049 373088901 203751604
5
543112223 19414694 539252420 759787972 146747317
98820079 142264808 585291535 196926130 88226717
5
43399875 383135852 510944563 115964315 879661961
259023902 126243480 793991616 102670319 846142831
5
114965257 401904346 448774596 433685878 68834476
317964475 108074092 167394069 43917018 718154229
5
128032116 551811748 278646015 92193337 519134412
332411413 728144461 852480791 488241038 56455497
5
154262449 458624101 922210299 183906267 924755334
943450468 389914652 969568664 890690965 916084579
5
370881208 147824728 144455019 179753736 359443578
903915953 992293606 45940079 907626019 759333296
5
24242662 323951380 302712155 686688894 302034258
24580195 708470589 57243334 178032314 199228376
5
314441845 458913248 15939690 860393531 479616043
123638061 931018131 106527143 921259688 482897521
5
283113816 377590351 86569681 131244048 923098698
249022736 81863783 171734105 423202837 848161700
5
355582288 119835339 313276661 612391177 886722390
585132201 759910387 398481353 257986349 131525589
5
60628865 95315536 645961674 381431693 337492888
518077404 765109289 959208900 403595998 882525341
5
664971006 211291841 780644523 972929265 846077919
951380013 456575496 491816136 539024797 569824015
5
426262387 704480425 11377013 757634325 648577297
841318877 275367919 763806053 525767637 778925527
5
447274666 968191258 880896862 248348313 873203976
898592589 522902420 591957852 63866228 666686862
5
454595259 116900847 384466015 500876417 874014587
392172410 602419986 113872217 416736102 860319994
5
170940207 113905444 460594236 552134920 447166264
752123648 494891586 416617598 147283129 854169177
5
757750129 360577330 917146723 584770135 608599136
623316750 150105438 327681 447538314 212251438
5
306984987 610426030 50432864 911691215 51637283
55651705 326399680 2194802 810220836 910954883
5
357588368 481831710 143902050 740627760 794741777
649010464 471493811 794942297 548553321 187794023
5
557412092 456536270 999334165 202009391 271592931
467859718 500475649 845143990 20859332 83009557
5
738752531 171097936 558108892 822041945 824816404
103172555 855653377 408080302 58985308 696056531
5
838169975 194439756 395864330 620353857 78763973
57969328 818029164 875943787 71724150 838627678
5
589350148 29664475 573462558 947027497 944345362
100965906 148975626 394584962 197910069 594629099
5
50163197 265514146 355645818 420996239 689293506
595735432 169998535 431307158 820553346 160234981
5
16497598 222692583 104746213 438312364 715384195
996672122 270918295 671467178 390948442 507146839
5
963099382 867645489 872232928 221221137 73476138
284457653 749524368 76599413 80540982 851059899
5
480557393 521376696 999846398 191907787 52377514
353971381 103632219 555168385 894462319 56096455
5
365715255 494066338 866995453 112391366 842277343
596077158 588407837 451328902 157824168 827775561
5
208122408 856350449 621812595 1827077 478070258
266364257 666295909 891340575 268263119 729708063
5
129308680 638026753 942879282 58370112 384851821
986730712 503201727 637873151 134787068 963263977
5
964143772 176790742 763936532 365984578 686563258
829556398 194250474 263360422 747696932 289083275
5
976108163 140592483 912973372 742626070 284468352
777526180 130810122 325611787 48924055 919182365
5
462534286 599152585 565876842 805157358 328438745
104704280 440432342 765006813 561455782 298164657
5
328530899 371539381 102520011 211145965 842649861
630677486 298398791 651651390 917268390 111196558
5
116868589 907163377 239343313 397577705 572580992
996912309 575492690 681890027 423249579 322333038
5
72664421 599270640 893275782 485329881 396550080
370373363 40855678 332683853 994140446 358533856
5
155944332 605641410 969949153 668799804 146086442
853913210 393230620 337964820 415949129 354591906
5
255238849 177114903 300193918 822067313 320726108
993769632 570943620 171532782 911931148 625333847
5
128589612 182701033 713531380 710355444 881706865
789555988 172630990 670115583 392119432 52211756
5
21655730 82843606 558339412 591725757 877662165
419871876 251920662 989720835 85670346 368507550
5
640467096 138797560 900761708 240330800 403211446
119109914 536622591 812915169 186581243 8791046
5
348979796 781968700 273629198 519080662 289758448
765249225 190984107 51141536 989159503 65523244
5
199027856 315704772 141901527 611737230 950750183
136804529 453907935 251123694 149193327 432303712
5
689638266 254880080 935418923 7291800 968050131
609019244 152580647 157829296 699626489 58929082
5
448374983 511972989 652599708 380329475 251905567
759227678 47645622 257765122 137929588 629395906
5
779195913 924039307 315888697 908486270 469011028
991878535 113543974 920457708 56516456 555744398
5
190948004 95729208 250630300 957220839 460312077
586498530 289563912 499086212 815021035 843393721
5
729189118 684227928 733291955 875320160 660023131
887224505 425615609 125701954 392274572 511605952
