100
1 2
1 1
1 9
89353 1 87314 1 59098 1 85594 1 76799
1 8
97381 82400 69329 59214 1953 27715 6362 97694
1 4
76544 31801 46129 56903
1 9
60141 1 64511 1 64692 1 54253 1 67601
1 7
86941 1 80185 1 58417 1 74122
1 3
70333 1 86082
1 7
81409 1 60055 1 94267 1 50505
1 2
1 51
1 9
28147 35625 34222 15368 11365 10465 42023 89357 79917
1 8
37467 47329 20779 98761 54243 31297 37963 19591
1 5
43927 51353 11784 64845 46551
1 3
98421 10929 1078
1 7
51164 57604 98574 25153 62401 81181 43069
1 9
94619 1 95070 1 86709 1 74814 1 56546
1 9
90127 1 68739 1 62543 1 64045 1 62704
1 2
99887 19281
1 3
27962 29083 4567
1 7
51608 74593 7469 16706 48020 48359 6539
1 10
20048 48900 6165 46618 40804 87813 85288 4708 19548 22199
1 6
1 51 101 151 201 251
1 8
53975 42389 35815 85555 45482 3202 58387 47148
1 7
35233 82847 35608 70134 91121 61436 40439
1 5
72069 1 59058 1 53947
1 9
84095 14389 86140 64091 39839 83084 31321 52674 24682
1 10
85253 59712 25791 28583 65619 188 58839 10743 26399 87387
1 8
37685 52707 61747 34140 6525 87235 71034 28303
1 5
25119 88217 61323 52399 89295
1 9
75741 59892 26656 61641 69452 58008 65845 23079 79369
1 9
18569 13608 49417 73934 15360 2308 99333 47034 98212
1 6
58435 12162 48872 34524 76198 82316
1 7
73919 1 84664 1 61890 1 92302
1 9
74304 1 89731 1 97658 1 57282 1 83199
1 7
1 1 1 1 1 1 1
1 6
65055 99907 57638 4798 82608 1564
1 10
1 2 1 1 1 2 2 1 2 2
1 6
74432 8056 71848 75241 96278 77909
1 4
1 51 101 151
1 9
1 2 1 2 1 2 2 1 2
1 9
83735 1 56346 1 94113 1 93790 1 59913
1 5
1018 66463 24647 23392 66350
1 1
63927
1 8
56401 82152 678 10643 13448 54992 46585 83774
1 4
1 51 101 151
1 1
1
1 5
82432 1 95246 1 50152
1 7
99873 15229 86742 67388 72832 1667 92540
1 7
1 1 1 1 1 1 1
1 7
34902 8275 25829 53953 44136 96805 50679
1 5
60784 20126 23046 571 66969
1 1
20335
1 6
80374 88259 60271 57509 24736 83317
1 10
88350 41207 56786 55755 89113 13731 41842 93225 91505 87842
1 3
70390 1 60198
1 9
16382 71554 19347 95750 55648 33735 98241 19739 73574
1 7
44943 90563 10518 39203 65349 22679 4427
1 2
1 2
1 9
1753 52892 25400 31675 79552 12463 72240 36011 70869
1 8
3667 31747 66785 68118 40819 28158 70035 13571
1 3
78847 96983 7021
1 4
1 51 101 151
1 3
60801 1 84721
1 7
48746 73428 24539 89834 73096 98970 97889
1 7
93469 1 91696 1 80032 1 75900
1 7
87596 1 55615 1 81810 1 82978
1 6
1 51 101 151 201 251
1 9
74606 1 58172 1 62670 1 61314 1 82987
1 10
54606 62798 52638 60770 9415 93441 64935 11055 98149 834
1 4
17531 66033 11311 64902
1 6
1 51 101 151 201 251
1 10
75598 34951 4997 20096 86927 55570 35463 98292 66035 93837
1 9
67515 1 59716 1 50336 1 85573 1 69397
1 10
5308 18236 67405 47907 56945 69736 4112 61423 46001 92029
1 6
1 51 101 151 201 251
1 5
50340 1 76259 1 85059
1 10
68208 37950 26979 89556 58045 13905 45125 9860 28548 27511
1 2
1 51
1 6
56150 10743 82761 19052 35861 70977
1 7
64237 1 58757 1 50380 1 58596
1 9
26661 87064 40565 40108 42055 87150 23881 55787 85901
1 6
99533 70964 59738 47685 17092 16640
1 9
25451 96945 67231 12836 25247 70897 44582 8383 39014
1 8
95742 93619 46346 47701 80104 37467 25489 36894
1 10
4000 62303 10218 91905 81649 22319 47553 15383 20560 83643
1 7
91979 1 67494 1 70895 1 61477
1 4
99461 67728 17400 23436
1 4
1 51 101 151
1 2
51392 6022
1 9
58932 1 75699 1 97438 1 80777 1 99046
1 4
46844 49134 240 21254
1 5
72180 810 88222 89710 66843
1 6
1 51 101 151 201 251
1 5
73216 1 77881 1 84053
1 10
81325 67411 26247 22358 85980 56206 88126 76265 71565 6786
1 8
1 2 1 1 2 1 2 2
1 5
78552 1 50584 1 97055
1 6
1 51 101 151 201 251
1 10
33253 2850 42040 90039 74956 47505 20121 16798 40729 11625
1 9
93209 15001 87853 37275 21362 1899 74959 90420 79997
1 8
5426 81 60714 38483 64452 9073 61373 1918
