100
1 8
5919 89818 63427 2272 54184 63184 82542 8951
1 3
98059 48214 68146
1 8
25039 48188 599 41097 80877 40150 45813 29699
1 7
14785 73656 61413 38946 25141 24626 82413
1 10
1 1 2 1 2 1 2 2 2 1
1 7
71976 1 61190 1 55341 1 70784
1 4
1 51 101 151
1 7
1 1 1 1 1 1 1
1 9
82918 1 66605 1 95593 1 63002 1 60377
1 7
12886 64337 66779 99241 79800 48265 17788
1 5
92908 1 68244 1 51624
1 9
54722 96151 17680 16471 29955 40922 12821 30176 2682
1 7
92987 1 81001 1 88008 1 93320
1 6
1 51 101 151 201 251
1 2
1 2
1 6
37138 87408 48156 42479 57522 21243
1 4
16170 77518 82188 35236
1 7
42153 97299 41599 73879 84959 84597 83917
1 9
43064 58231 38941 40292 98380 84753 69991 18250 50067
1 10
67536 89763 39389 3242 69363 68452 96373 44997 49136 59197
1 8
75433 97242 20314 31186 16059 16337 23200 88365
1 4
22405 28240 44841 59991
1 8
1 2 1 1 2 1 1 2
1 9
79564 20842 72436 77408 63905 47018 32700 20549 61750
1 9
79208 50014 81406 61749 58964 59291 23110 25966 31157
1 6
65134 18548 59602 54202 61884 19910
1 9
70000 1 90194 1 73640 1 95933 1 55745
1 5
82583 1 78485 1 90164
1 4
35726 91139 53075 34627
1 9
58659 1 62539 1 60942 1 55415 1 80951
1 6
1 51 101 151 201 251
1 5
54503 1 69570 1 98996
1 6
55542 23796 50342 84849 86356 99112
1 5
53741 3537 77230 38718 79345
1 7
1 1 1 1 1 1 1
1 7
62696 1 78545 1 79317 1 65544
1 4
85985 95369 8783 94793
1 8
32471 63369 3150 6127 24781 58447 47619 65759
1 10
48438 18873 86961 96526 74061 14684 47346 60108 27659 13367
1 8
61533 45010 50651 55515 56455 94877 41280 81493
1 8
40859 6124 63057 98809 80002 64367 83406 80270
1 5
7498 52533 21273 55212 83841
1 1
66222
1 7
83898 1 70358 1 80267 1 55706
1 10
98908 83626 60822 19483 86381 14508 85252 98850 96583 98085
1 9
71754 1 59872 1 73917 1 93521 1 52338
1 7
24161 51486 46862 27116 661 72674 59186
1 10
93181 41304 19355 63249 29064 93132 59283 64332 62825 92509
1 2
61283 47715
1 10
42738 38718 46924 15129 5517 73 73235 40767 33243 92690
1 2
31309 75139
1 6
25524 11895 5341 53763 73088 65331
1 5
12956 46208 32419 63934 32193
1 3
13633 84978 59457
1 8
38415 98350 46117 41701 93982 11446 27875 69414
1 6
77612 25620 2956 49176 9460 32071
1 9
38519 62901 73826 54666 89661 38444 60584 79478 18223
1 9
63265 1 98512 1 66631 1 65552 1 88813
1 3
93976 5335 6277
1 7
15375 87660 26647 10038 72739 13996 81931
1 9
55362 1 61480 1 74178 1 66304 1 66896
1 6
14715 14987 51110 78312 68727 70998
1 3
50564 1 98340
1 9
33804 6891 79999 222 45409 59251 74048 75 48912
1 10
37506 37523 85473 43497 96983 7899 67168 72913 76631 64463
1 10
88388 9924 89640 43109 22427 23671 75931 52381 80944 88751
1 3
96230 1 89508
1 7
74049 98593 65847 86934 79281 48978 86175
1 9
28843 77010 44741 47065 72569 94754 28471 34317 70069
1 5
81741 1 64723 1 62508
1 10
11060 33557 72392 50448 36798 58107 35251 33171 3103 84386
1 10
8719 40608 38260 94191 457 35242 18441 83976 24506 95071
1 6
1 51 101 151 201 251
1 3
92480 1 64433
1 7
39402 2466 96024 75663 55955 99783 40170
1 9
87761 73778 96034 18917 53341 16875 7704 47100 97132
1 4
1 51 101 151
1 1
1
1 2
1 51
1 9
72072 20575 2756 37335 49418 96118 82075 96482 68686
1 2
1 1
1 1
91340
1 6
1 51 101 151 201 251
1 9
2 2 1 2 2 1 2 2 2
1 9
88720 1 83250 1 67954 1 51415 1 71095
1 7
93773 1 93127 1 70248 1 98276
1 4
1 51 101 151
1 9
97271 1 76261 1 64294 1 76929 1 65828
1 2
1 51
1 10
78015 75538 48088 55189 11372 50821 69696 12975 49670 82630
1 6
1 51 101 151 201 251
1 5
12764 49188 89176 19040 63598
1 5
81041 1 93548 1 55353
1 7
60772 1 79496 1 87456 1 59111
1 5
44139 89068 43337 60308 66585
1 9
63940 1 58871 1 71767 1 92467 1 72145
1 7
82955 1 78527 1 53973 1 77591
1 4
1 51 101 151
1 8
3519 48962 52177 44651 7408 99796 10409 64619
1 6
1 51 101 151 201 251
