100
1 7
43086 43327 33896 30636 80290 68004 89120
1 5
97247 2676 30122 58026 70936
1 7
95733 58324 83997 97212 53954 98094 46845
1 8
13470 61289 29222 23798 41595 39527 83414 36203
1 6
1 51 101 151 201 251
1 4
1 51 101 151
1 7
74421 1 53624 1 82694 1 99037
1 2
82606 91269
1 7
74553 1 66222 1 84344 1 95316
1 2
1 2
1 3
78560 1 76236
1 3
59026 24290 96444
1 8
26372 54922 30663 8231 48775 57273 48363 54309
1 6
72702 82585 36783 92666 9191 68197
1 10
1 1 2 2 1 2 2 1 1 2
1 5
74616 1 89235 1 66144
1 9
64709 1 79409 1 94027 1 66868 1 78246
1 6
46133 68523 74139 59731 87550 20612
1 7
67690 11297 16129 22825 83998 98713 59608
1 2
1 1
1 7
66967 1 57585 1 83550 1 76643
1 7
93015 7903 44156 5100 82578 28152 2311
1 2
46615 82447
1 9
80322 1 94214 1 84654 1 54875 1 69736
1 8
78257 74319 43889 3855 87165 83690 13450 98723
1 4
84597 3873 19756 30264
1 8
95207 99409 2610 19461 43564 24061 2039 88067
1 9
90458 1 51540 1 93782 1 84412 1 65716
1 9
1 1 2 2 2 1 1 1 2
1 9
76995 87710 21375 11967 38329 7532 19762 41872 24768
1 5
63436 1 60664 1 98711
1 7
89923 1 58279 1 95198 1 75459
1 4
74205 38328 33415 83103
1 9
76792 56790 74302 33314 71316 65666 73250 22045 87227
1 8
58447 41331 50360 2707 10329 80307 93953 43265
1 1
58564
1 10
59355 13523 78865 66546 69154 15901 44237 54846 98367 28877
1 6
1 51 101 151 201 251
1 6
49133 99449 85128 79279 14098 49634
1 1
18269
1 9
63517 1 53409 1 75207 1 98096 1 85709
1 4
21824 41055 50545 44428
1 6
1 51 101 151 201 251
1 10
14999 49765 38210 71838 95298 97063 55961 17826 43625 77811
1 10
95412 31182 69367 67623 63613 4522 31917 52449 92290 37961
1 4
1 51 101 151
1 10
85358 14689 59004 68031 75297 68235 62353 49320 49779 90853
1 9
91916 1 72222 1 67485 1 87113 1 97681
1 10
66966 9133 4375 62183 75678 89880 94435 19915 44726 9153
1 9
56839 29182 58853 67772 22528 46563 5498 50847 1243
1 9
13030 70608 59466 54149 97359 29079 6949 54874 66702
1 10
85024 61219 7192 55631 37036 61340 69341 66115 84641 40567
1 8
2 1 2 1 2 2 2 2
1 10
32816 40491 55859 16080 18803 64295 88837 87769 89693 16557
1 3
69344 1 94067
1 9
75766 1 51968 1 51784 1 87414 1 85690
1 5
22527 51683 65709 30147 14650
1 6
1 51 101 151 201 251
1 6
71928 81648 3613 10255 31414 3068
1 6
17757 58485 87400 43293 10657 38784
1 4
1 51 101 151
1 7
84823 92969 79700 44260 52647 29947 74895
1 2
1 51
1 5
61269 1 78391 1 68129
1 9
68997 1 59491 1 75278 1 72999 1 99906
1 3
8659 81860 37690
1 8
91495 78093 7425 40269 51718 55787 10930 10164
1 6
70666 53218 95078 70711 90550 94563
1 3
44889 24472 80939
1 9
98175 91365 39936 50729 21562 83590 7138 55275 10934
1 8
32936 97951 80367 625 9247 96495 23450 9596
1 7
58281 1 64856 1 94803 1 52347
1 4
1 51 101 151
1 5
50437 9185 35821 51385 29409
1 9
26751 53262 52801 57516 21272 16198 44068 16563 22463
1 7
1 1 1 1 1 1 1
1 5
20980 83134 59071 61622 79577
1 10
39499 15293 83264 78313 92085 56406 52614 25398 27721 34632
1 9
51659 63398 86552 78940 89914 16373 40228 35487 56523
1 1
1
1 3
50001 1 69658
1 9
50619 69806 91444 3544 17237 6990 95038 11681 14414
1 7
1 1 1 1 1 1 1
1 4
51908 3964 51160 64886
1 7
24619 67663 58274 11681 74564 52836 74166
1 5
64507 75035 39121 45445 46
1 7
52159 1 98838 1 60305 1 80550
1 2
1 51
1 7
55541 1 54002 1 90415 1 57337
1 5
50264 1 99521 1 71046
1 6
1 51 101 151 201 251
1 9
30197 27303 40057 17362 27344 69858 16084 10442 18621
1 7
36532 42597 65508 77502 10259 40133 5535
1 10
22400 21043 82674 60609 9232 77971 57671 65193 12148 17647
1 9
54332 1 97418 1 54513 1 71218 1 90268
1 10
65143 40137 56686 50862 24111 20299 71735 56028 89099 64024
1 6
1 51 101 151 201 251
1 9
84413 1 90011 1 67232 1 51897 1 86425
1 5
87980 1 53000 1 50375
1 8
83098 32411 18184 43013 56472 36574 47431 99195
