100
733 65 0.9508436052200189
1423 34 0.9681020259426603
1434 139 0.7009021303832321
2099 164 0.8526301231893367
2 1 0.5
798 17 0.5542864584272762
3000 94 0.8689874881448595
2773 43 0.7009761789313649
1090 110 0.7832522189331257
1817 91 0.8480294379817215
3000 125 0.919826528587413
1725 140 0.6185639070212079
2463 96 0.9546825033328732
975 39 0.7089957244280294
209 10 0.9360527645900921
751 72 0.8505084965170995
330 15 0.7794361742253006
3000 1757 0.9670775954951097
2443 38 0.839955338879858
773 32 0.8304975390521487
1059 22 0.5108948077060458
2504 71 0.8685331010131113
1142 77 0.8202504580003427
299 27 0.740555319191734
259 20 0.9027891281907592
1621 14 0.6570037621455269
1 2 0.4
1605 59 0.9703595563534154
1699 6 0.8047726667160371
969 31 0.7958496863394642
1226 3 0.5783458641668024
2970 140 0.8675526963415757
2259 34 0.5576836899140907
3000 39 0.6214264176481694
2513 82 0.7190413767154964
3000 854 0.9720202238293681
2499 109 0.8733851251749092
3000 6 0.6128288993437406
566 41 0.7684774086217769
1310 8 0.8267567986426194
2675 172 0.9907174864261679
287 9 0.6799048474605067
145 5 0.7660992128053786
2775 210 0.7539270113951959
1937 52 0.9157073852732951
1 1 0.4
2247 79 0.5353719590280765
3000 835 0.9304641233983514
3000 27 0.8186760818824159
3000 135 0.5511401553868309
1824 108 0.8439018948734911
949 32 0.660591763871422
10 12 0.5
2184 148 0.9325733729205523
1568 66 0.6825224946432729
1218 87 0.8521275363639057
275 19 0.9597466828860741
1788 21 0.7971498830069721
2222 164 0.9818360802288504
3000 68 0.883581865722848
1191 14 0.6744422443872335
425 27 0.5375817403892973
3000 43 0.8371587587474507
10 5 0.9
2293 70 0.7086400483014732
1277 84 0.5281795396618607
2 1 0.4
2576 21 0.7347687615875376
2853 35 0.5919365772491396
3000 132 0.9234418745440136
100 4 0.5701313689273377
3000 121 0.9980522144494091
1331 88 0.5258304258756511
3000 48 0.815240333295067
3000 195 0.8184633788266845
3000 50 0.987
2948 22 0.9142765222979363
10 5 0.1
1293 65 0.582991019442719
3000 160 0.6579502846146681
710 32 0.9569925210959231
17 2 0.9150140896516434
2368 57 0.8060278128317389
3000 148 0.9286954412715177
2105 97 0.6817037164372213
1304 1 0.8642500034123509
577 57 0.7250292186492058
3000 50 0.123
1824 102 0.8159455835461951
1951 85 0.8247127159205291
3000 2462 0.9151227339986332
465 7 0.6828222147105694
1042 88 0.6569673192569656
3000 62 0.54049556192781
1655 148 0.5237605880692013
975 8 0.6127093992786137
2534 196 0.6054084569594469
3000 1235 0.9966125411381052
2150 33 0.7432604328325509
1170 68 0.6004080996746124
