50
3
1 2 3
2 3 5
3 5 6
2 3 4
1 2 3
6
10 11 13 16 17 20
3 5 6 7 9 11
2 3 4 6 8 9
6 7 9 12 14 16
8 9 10 14 15 17
9 11 12 16 18 20
6 8 10 12 14 16
4 6 8 10 11 13
3 5 6 8 9 11
8 9 11 14 15 18
2 3 5 6 8 10
6
7 11 12 15 16 19
1 3 4 5 6 7
8 10 14 16 17 19
4 6 8 10 12 14
3 6 8 9 10 12
5 7 9 12 13 16
2 4 6 7 9 11
5 7 10 12 13 15
1 2 3 5 6 8
6 9 10 13 15 17
3 4 6 7 9 10
4
2 4 5 9
8 10 12 13
1 2 3 7
1 2 3 8
7 9 11 13
3 5 6 12
2 4 5 10
2
1 3
1 2
3 5
3
2 3 4
2 3 4
1 2 3
3 4 5
3 4 5
3
9 12 14
12 14 16
11 15 16
4 9 11
8 12 15
3
2 3 4
3 4 5
1 2 3
2 3 4
1 2 3
10
7 8 9 10 11 12 13 14 15 16
6 7 8 9 10 11 12 13 14 15
5 6 7 8 9 10 11 12 13 14
1 2 3 4 5 6 7 8 9 10
8 9 10 11 12 13 14 15 16 17
6 7 8 9 10 11 12 13 14 15
9 10 11 12 13 14 15 16 17 18
4 5 6 7 8 9 10 11 12 13
2 3 4 5 6 7 8 9 10 11
10 11 12 13 14 15 16 17 18 19
1 2 3 4 5 6 7 8 9 10
3 4 5 6 7 8 9 10 11 12
4 5 6 7 8 9 10 11 12 13
3 4 5 6 7 8 9 10 11 12
5 6 7 8 9 10 11 12 13 14
10 11 12 13 14 15 16 17 18 19
2 3 4 5 6 7 8 9 10 11
7 8 9 10 11 12 13 14 15 16
8 9 10 11 12 13 14 15 16 17
7
22 23 24 25 26 27 28
43 44 45 46 47 48 49
6 13 20 27 34 41 48
36 37 38 39 40 41 42
4 11 18 25 32 39 46
29 30 31 32 33 34 35
3 10 17 24 31 38 45
15 16 17 18 19 20 21
1 8 15 22 29 36 43
8 9 10 11 12 13 14
2 9 16 23 30 37 44
7 14 21 28 35 42 49
1 2 3 4 5 6 7
2
7 11
3 5
3 7
7
3 5 6 8 10 11 13
1 3 4 6 7 8 10
6 7 8 12 13 15 17
4 6 7 10 12 14 15
2 5 6 7 8 9 12
4 6 7 8 9 11 14
8 10 12 13 15 17 20
10 13 15 17 18 20 23
10 12 14 18 20 22 23
1 2 4 6 8 9 10
7 8 9 14 15 17 18
9 11 14 15 17 18 22
8 9 11 16 17 18 20
10
7 10 12 13 15 17 18 20 21 22
8 11 14 15 17 18 19 22 23 25
14 18 19 22 23 25 26 30 31 32
2 3 4 6 7 9 11 13 15 16
8 9 11 15 17 18 21 22 23 25
6 7 10 13 15 17 19 21 22 23
3 4 7 9 12 14 16 17 18 19
11 15 17 18 21 23 25 27 29 31
10 13 15 17 20 22 23 26 28 30
10 14 17 19 21 22 24 26 27 28
4 6 7 9 10 11 13 15 17 18
1 2 4 5 7 8 9 10 12 14
12 16 18 20 22 23 25 28 29 30
9 11 13 16 18 19 22 24 25 26
5 8 9 11 13 15 16 17 18 19
4 6 9 11 13 15 18 19 20 22
9 12 16 18 19 21 22 23 25 26
12 16 18 19 22 25 26 28 30 32
2 3 6 8 10 11 12 14 16 18
3
4 7 12
4 7 10
5 10 15
8 12 15
3 4 5
7
12 15 18 21 22 29 30
10 15 21 22 27 31 34
13 21 26 30 34 38 39
9 12 16 18 21 25 26
2 6 9 12 14 17 21
5 12 16 18 21 25 28
17 20 25 29 31 34 38
21 22 28 33 34 36 39
12 18 25 29 31 34 36
2 3 5 8 10 12 13
3 10 12 15 16 20 22
14 16 21 25 27 31 34
6 10 12 14 15 18 21
2
2 6
4 8
6 8
7
24 44 51 59 76 101 122
76 80 101 141 170 178 210
44 49 73 97 115 126 145
59 73 92 93 101 113 155
73 97 113 125 141 155 178
24 40 59 73 81 104 117
101 102 113 155 189 210 217
59 65 93 125 145 161 187
104 126 151 161 178 210 221
51 56 92 113 120 151 163
40 49 56 65 80 102 130
122 130 155 178 207 221 229
81 115 120 145 170 189 207
7
6 12 15 18 20 21 26
11 14 17 18 20 21 23
1 2 3 4 6 7 9
14 17 19 23 26 27 28
4 6 8 10 12 14 17
8 10 12 16 18 19 21
7 9 11 13 15 17 18
1 4 7 8 11 12 14
9 17 18 21 23 24 28
12 16 18 20 21 23 24
4 10 13 16 18 20 23
2 6 9 10 14 16 17
3 8 11 12 17 18 19
7
4 5 6 7 8 9 10
2 3 4 5 6 7 8
1 2 3 4 5 6 7
3 4 5 6 7 8 9
2 3 4 5 6 7 8
4 5 6 7 8 9 10
7 8 9 10 11 12 13
7 8 9 10 11 12 13
3 4 5 6 7 8 9
5 6 7 8 9 10 11
5 6 7 8 9 10 11
6 7 8 9 10 11 12
1 2 3 4 5 6 7
7
2 7 8 9 10 11 24
5 10 14 17 19 20 30
5 10 14 17 19 20 31
3 8 12 13 14 15 27
3 8 12 13 14 15 26
1 2 3 4 5 6 23
6 11 15 18 20 21 32
1 2 3 4 5 6 22
22 24 27 29 30 33 34
23 25 26 28 31 32 34
4 9 13 16 17 18 29
6 11 15 18 20 21 33
2 7 8 9 10 11 25
2
4 5
1 4
1 2
4
8 11 13 14
6 8 13 16
8 9 14 18
10 14 16 18
3 5 8 10
5 7 11 14
3 5 6 8
5
7 12 14 15 16
1 3 7 9 11
11 19 22 26 28
9 16 17 19 22
5 9 12 16 19
8 10 14 17 22
1 5 8 12 14
3 9 10 13 15
14 15 16 22 28
9
3 4 6 9 10 12 13 15 16
2 3 5 6 8 10 12 13 14
5 7 8 10 11 14 15 16 18
5 6 8 9 11 13 14 17 18
10 12 14 16 18 20 22 24 25
14 17 18 20 22 25 28 29 31
6 8 9 12 13 16 17 18 19
12 13 15 17 20 21 23 26 28
3 4 7 8 10 12 13 15 17
15 16 18 19 24 25 27 28 31
10 12 13 14 16 20 21 23 25
7 9 10 12 13 14 15 19 20
13 15 17 19 21 24 26 27 28
8 10 11 13 14 16 17 21 22
8 10 11 13 14 18 20 22 24
2 3 5 7 8 10 12 13 15
13 15 16 18 22 23 25 27 29
2
6 8
4 8
2 4
9
9 13 15 17 18 20 23 25 27
13 16 17 19 20 22 25 27 29
3 5 7 8 9 12 14 16 17
4 5 7 8 10 12 13 15 16
10 12 14 16 17 18 20 21 23
5 8 10 11 13 16 17 19 20
2 4 5 6 8 10 11 13 15
11 15 17 18 19 21 25 27 29
6 8 10 11 13 15 17 18 20
4 7 8 10 12 14 16 17 19
8 9 12 13 14 16 18 19 22
8 12 14 15 16 18 21 22 23
2 3 4 5 6 8 9 11 12
15 17 19 20 22 23 27 29 31
11 14 16 17 19 21 23 25 27
5 7 8 10 11 14 15 17 18
6 10 11 13 14 17 19 20 22
4
3 4 7 9
2 3 5 7
7 9 10 11
5 7 9 10
3 4 6 8
4 6 9 10
2 3 4 6
3
2 4 7
4 7 12
4 6 7
2 3 4
7 10 12
10
46 48 51 52 54 56 59 61 62 64
8 16 23 29 34 38 41 43 44 61
47 49 50 53 55 57 58 60 63 64
2 10 11 12 13 14 15 16 17 49
1 2 3 4 5 6 7 8 9 47
1 2 3 4 5 6 7 8 9 46
9 17 24 30 35 39 42 44 45 63
5 13 20 26 31 32 33 34 35 55
7 15 22 28 33 37 40 41 42 58
5 13 20 26 31 32 33 34 35 54
9 17 24 30 35 39 42 44 45 62
7 15 22 28 33 37 40 41 42 59
2 10 11 12 13 14 15 16 17 48
4 12 19 25 26 27 28 29 30 53
6 14 21 27 32 36 37 38 39 57
3 11 18 19 20 21 22 23 24 50
4 12 19 25 26 27 28 29 30 52
3 11 18 19 20 21 22 23 24 51
6 14 21 27 32 36 37 38 39 56
2
3 4
2 4
1 3
9
8 9 11 13 15 17 18 20 23
1 2 3 5 7 8 10 11 13
13 14 17 18 21 23 24 25 27
11 14 15 16 19 20 22 24 25
2 4 6 8 10 11 12 13 14
9 12 14 15 17 18 20 22 24
1 3 4 6 7 8 9 11 13
6 8 9 10 12 13 15 16 17
5 7 8 10 13 14 15 17 18
10 12 14 15 17 19 20 21 24
13 15 16 17 21 23 24 26 27
8 11 13 14 15 17 19 20 23
4 6 7 8 10 11 14 15 16
7 8 10 12 14 15 17 19 21
3 6 7 9 11 13 14 15 17
7 10 11 13 14 15 17 19 21
11 13 15 17 19 20 21 24 26
2
5 8
3 4
4 8
2
3 6
2 3
4 6
2
2 4
2 6
4 8
2
2 22
22 222
22 222
10
15 18 23 28 31 32 34 37 39 41
22 23 27 30 32 38 39 40 45 48
16 21 24 29 32 33 35 39 40 44
13 18 21 25 26 27 32 33 34 38
23 26 28 33 36 40 41 44 47 51
19 21 25 29 31 35 37 39 42 44
6 9 10 12 15 17 18 21 24 26
8 11 13 15 18 20 23 24 25 29
3 5 8 9 12 14 15 16 18 20
16 19 22 27 29 32 34 35 37 41
20 26 29 34 37 38 41 44 48 51
18 24 25 32 33 34 37 42 45 47
9 12 15 19 22 25 27 29 30 33
12 16 19 22 25 26 31 32 33 37
12 15 18 22 25 26 29 31 32 36
8 10 13 16 19 21 22 25 27 28
9 13 16 19 22 25 28 29 32 34
5 9 11 13 16 18 19 21 23 26
14 17 20 25 26 27 32 35 38 40
4
3 7 11 15
9 10 11 12
1 2 3 4
5 6 7 8
13 14 15 16
2 6 10 14
1 5 9 13
2
2 6
6 8
2 4
3
1 2 3
2 3 4
3 4 5
3 4 5
1 2 3
4
4 5 6 7
1 2 3 4
2 3 4 5
4 5 6 7
3 4 5 6
1 2 3 4
3 4 5 6
7
4 7 10 12 13 14 17
9 12 15 16 18 22 23
9 16 20 22 23 27 30
4 7 9 12 13 16 18
7 10 12 14 17 20 22
10 18 22 23 26 28 33
12 14 20 24 25 27 28
11 13 18 21 22 23 26
6 12 14 16 21 24 27
1 4 7 9 11 12 13
13 17 21 27 29 30 33
5 9 12 15 18 20 21
1 4 5 6 7 9 10
6
3 6 8 12 13 16
8 12 14 18 20 21
5 8 14 16 20 24
13 18 20 23 24 27
4 7 12 14 18 21
16 21 24 25 26 29
9 12 18 20 23 25
13 17 21 24 27 29
11 13 20 21 24 26
6 7 8 12 13 17
3 4 5 9 11 13
2
5 10
9 14
10 14
2
22 222
2 22
2 22
6
10 11 15 17 20 21
7 10 13 17 22 25
2 6 9 11 12 15
11 12 14 20 26 28
7 9 12 13 14 17
1 5 7 10 11 12
5 8 12 15 19 20
5 6 8 10 12 15
1 2 5 7 11 12
12 15 17 21 30 31
11 12 19 22 26 30
6
10 12 14 16 18 19
9 10 11 14 16 17
7 9 12 14 16 18
1 2 4 5 7 9
7 8 10 12 14 16
9 10 14 16 17 19
3 4 6 8 9 10
5 7 9 11 12 14
1 3 5 7 9 10
5 8 11 12 14 16
4 6 9 10 11 14
10
1 2 3 4 5 6 7 8 9 10
3 13 23 33 43 53 63 73 83 93
2 12 22 32 42 52 62 72 82 92
91 92 93 94 95 96 97 98 99 100
81 82 83 84 85 86 87 88 89 90
5 15 25 35 45 55 65 75 85 95
4 14 24 34 44 54 64 74 84 94
51 52 53 54 55 56 57 58 59 60
71 72 73 74 75 76 77 78 79 80
9 19 29 39 49 59 69 79 89 99
8 18 28 38 48 58 68 78 88 98
21 22 23 24 25 26 27 28 29 30
1 11 21 31 41 51 61 71 81 91
10 20 30 40 50 60 70 80 90 100
31 32 33 34 35 36 37 38 39 40
6 16 26 36 46 56 66 76 86 96
61 62 63 64 65 66 67 68 69 70
41 42 43 44 45 46 47 48 49 50
7 17 27 37 47 57 67 77 87 97
10
134 137 146 152 178 188 197 223 239 259
114 133 138 150 157 179 188 212 224 241
59 70 84 88 107 138 146 190 198 219
101 118 126 144 153 179 188 235 258 277
98 105 121 135 147 157 178 225 254 265
72 81 88 114 135 144 167 184 199 217
158 180 181 199 217 224 239 282 301 312
182 206 214 217 234 241 259 303 321 323
45 60 62 81 103 133 137 167 172 196
24 45 59 83 98 101 121 134 158 182
134 141 154 184 200 212 223 264 285 288
91 103 107 124 147 153 175 200 217 234
168 172 198 230 254 258 275 285 301 321
83 100 111 114 124 150 152 207 230 246
192 196 219 246 265 277 286 288 312 323
24 44 60 72 91 114 134 156 168 192
121 127 145 167 175 188 197 253 275 286
60 62 84 111 121 126 145 154 181 214
156 167 190 207 225 235 253 264 282 303
7
10 16 21 23 27 28 29
22 25 27 33 36 39 42
7 11 16 20 21 25 30
14 20 22 25 29 32 36
17 19 27 29 34 36 40
7 11 15 18 19 22 25
2 7 10 14 18 22 23
14 18 23 25 30 33 37
2 7 9 14 17 18 23
23 25 29 36 39 42 44
18 22 28 32 38 39 43
18 21 25 30 34 38 39
9 15 21 22 25 27 35
4
54 72 75 106
42 60 75 95
75 81 95 109
59 83 106 109
31 32 60 83
18 28 42 59
18 31 54 75
