100
4
2 3 4 1
4
3 3 4 1
4
3 3 4 3
10
7 8 10 10 9 2 9 6 3 3
10
2 3 1 10 3 5 6 7 8 9
53
50 27 46 9 25 33 10 18 15 14 49 19 5 13 8 37 36 43 3 11 29 21 6 33 2 27 42 48 42 35 26 17 6 39 23 45 28 20 4 7 47 31 47 53 24 16 1 41 22 41 30 38 51
100
57 21 66 59 39 49 54 32 77 93 47 91 81 86 94 51 95 22 28 78 2 18 88 25 24 98 29 19 27 45 52 8 56 62 42 79 58 71 5 100 85 35 50 92 30 82 11 90 6 43 16 31 89 7 70 33 1 37 4 87 73 34 80 96 76 3 99 74 83 55 38 97 61 68 84 65 9 20 36 63 13 46 69 75 41 14 60 23 53 48 12 44 10 15 17 64 72 26 67 40
10
10 3 8 8 1 7 3 4 3 5
997
181 859 234 371 190 444 698 630 804 445 822 453 570 673 986 258 771 4 59 951 749 967 948 709 494 692 657 997 621 156 501 205 505 399 982 176 119 716 816 377 45 493 428 927 510 726 585 335 510 823 546 843 766 294 729 662 405 802 296 643 574 395 713 681 281 591 219 968 313 485 957 434 96 675 982 70 513 962 428 568 116 27 465 480 432 668 136 555 515 128 363 743 597 293 335 880 470 121 442 179 520 627 524 501 695 898 649 975 659 524 908 446 141 580 220 981 800 770 357 694 91 730 306 755 671 315 247 441 226 60 995 635 139 678 658 759 794 463 227 450 509 615 797 667 996 322 359 549 447 228 442 841 208 291 352 289 720 563 589 94 529 196 661 618 225 556 228 317 30 143 15 881 547 538 179 745 468 349 376 2 915 211 200 846 517 512 855 272 662 862 970 914 133 393 514 67 93 987 536 324 613 108 378 452 748 82 188 248 745 772 100 863 589 628 433 104 544 450 464 115 802 393 205 266 810 21 653 895 578 903 958 703 420 565 303 49 815 489 479 713 575 111 770 573 619 163 554 56 850 374 325 395 105 884 384 610 661 197 543 633 650 851 220 959 679 92 332 921 439 195 610 654 685 432 379 665 183 52 836 782 109 876 557 455 154 5 472 750 905 378 809 607 497 663 773 648 28 265 723 694 691 946 928 487 465 147 498 384 746 969 198 451 336 340 144 793 615 196 706 669 573 388 843 9 871 482 313 452 390 34 46 71 146 482 48 273 504 768 347 199 645 460 866 523 364 953 830 978 458 875 239 544 810 495 346 355 727 705 246 851 383 847 72 518 594 273 444 930 470 570 873 755 542 665 985 300 313 944 76 584 984 22 924 763 77 174 400 824 303 461 173 709 222 806 826 609 381 874 699 438 496 285 840 743 950 332 744 788 555 580 627 194 95 134 778 426 931 748 167 215 564 728 988 277 302 294 20 221 439 458 892 274 852 711 504 132 6 138 413 471 530 148 828 373 499 605 409 795 903 833 818 386 36 927 4 506 390 704 686 629 29 697 634 842 240 884 354 936 412 440 325 382 504 192 365 770 3 201 411 700 781 757 288 380 70 952 907 201 507 872 783 603 669 298 742 219 505 666 779 805 777 839 339 337 32 26 588 267 500 45 436 734 304 457 184 674 456 631 470 277 899 398 934 612 50 807 850 815 591 387 85 737 391 886 80 170 668 164 844 402 993 791 177 44 442 956 856 708 287 94 624 146 650 356 140 482 918 583 214 821 860 418 762 462 986 112 590 867 900 348 806 869 941 948 728 618 681 814 516 730 715 182 349 20 47 912 717 569 643 17 675 157 838 829 519 90 858 892 339 732 832 133 898 944 648 891 137 467 853 511 855 37 305 810 118 902 942 646 311 158 75 805 901 690 65 929 411 263 560 47 57 55 616 540 435 648 252 582 50 291 583 800 508 145 742 890 86 296 891 784 77 279 106 494 864 231 191 485 885 871 614 579 102 65 789 626 233 917 493 65 421 77 917 684 490 692 344 816 265 358 351 190 517 785 788 415 577 985 913 887 419 676 628 129 455 971 478 342 974 286 459 658 861 971 585 127 587 961 889 206 607 534 127 149 12 288 125 592 510 680 801 84 655 723 848 343 837 242 131 535 937 812 110 417 796 508 724 581 384 207 641 918 278 425 176 15 983 617 255 522 274 677 597 36 236 551 854 746 48 400 747 767 330 751 689 687 259 943 276 910 294 615 157 878 939 131 270 623 552 277 572 490 595 422 475 863 197 408 290 113 1 599 310 737 413 148 337 202 731 89 186 448 550 238 547 647 894 257 582 853 499 596 719 84 314 481 602 521 483 563 904 735 301 307 187 403 227 477 345 963 633 876 331 209 663 383 370 610 8 469 888 135 23 253 124 112 95 710 59 321 40 98 810 696 101 676 693 721 798 909 16 126 114 153 587 104 870 955 491 775 600 312 896 765 210 311 96 316 776 857 766 141 105 87 503 865 169 275 41 646 738 714 263 254 620 625 313 106 733 449 85 994 6 611 651 140 145 222 935 890 484 242 822 115 725 171 320 492 945 778 256 966 14 38 771 493 502 527 7 688 803 928 394 192 185 799 212 547 712 306 274 525 972 209 817 583 94 574 2 10 396 227 161 340 368 166 679 845 152 380 401 316 965 567 598 328 229 839 28 619 696 539 673 397 926 312 231 260 252 752 877 414 188 232 19 61 943 718 947 135 449 893 846 756 709 652 408
320
116 263 107 141 126 176 290 234 163 36 183 82 77 238 247 300 124 69 207 209 27 222 151 288 211 320 85 196 96 188 143 149 216 101 192 260 100 246 60 210 49 65 227 2 253 97 152 71 35 88 112 32 32 119 266 249 28 12 166 283 37 319 55 158 272 225 186 208 260 53 169 109 290 148 15 264 127 281 220 124 147 224 226 190 301 95 31 151 230 155 290 287 271 161 295 173 23 205 207 261 58 167 226 125 195 87 307 159 45 251 272 188 62 177 197 1 92 157 232 261 292 173 119 298 152 245 197 156 166 8 92 303 182 57 71 40 169 29 263 121 87 283 68 258 183 246 287 66 181 78 204 61 251 108 47 25 101 104 309 170 200 66 162 167 270 60 319 255 160 187 16 164 84 65 51 90 277 179 13 95 276 215 202 309 188 168 186 203 237 22 26 56 41 90 172 43 133 209 259 9 94 149 80 280 7 254 179 297 306 243 213 292 21 172 304 196 225 285 48 191 294 54 316 278 259 241 264 264 169 287 92 94 95 257 138 291 267 6 189 178 59 214 250 167 205 282 132 294 3 89 71 314 86 154 46 157 258 105 29 291 103 312 270 72 128 265 114 10 279 55 202 99 212 71 8 4 136 35 231 150 219 44 14 223 171 192 220 198 36 134 296 175 49 268 126 273 24 221 31 34 38 272 308 254 99 145 218 284 174 21 165 12 275 38 303 313 222 89 15 239
1000
712 428 23 215 962 604 188 775 765 724 294 22 691 36 196 243 768 398 353 916 6 825 931 716 320 853 212 104 74 545 858 468 284 969 874 552 498 993 163 897 343 535 500 47 794 351 200 199 431 20 269 907 313 467 147 301 443 580 648 987 530 790 878 275 2 699 506 354 703 253 342 833 231 254 908 130 492 518 587 471 478 646 831 484 93 356 617 347 573 979 54 509 972 659 28 27 751 370 379 114 793 165 939 618 983 820 702 229 242 989 818 30 690 810 150 736 543 801 582 841 709 532 18 695 536 3 661 156 730 779 426 725 679 278 803 390 234 122 823 635 990 419 87 412 378 854 43 808 487 628 459 930 542 759 872 722 512 744 946 315 521 517 895 598 558 746 603 100 9 219 843 323 400 458 335 276 491 514 760 696 849 476 589 434 974 367 753 597 837 262 863 795 257 541 73 756 75 502 429 241 728 189 673 418 251 782 999 555 700 674 796 328 420 566 261 964 524 954 259 256 776 268 686 180 319 616 41 247 120 423 450 540 369 182 693 37 627 568 159 553 361 945 488 706 129 119 797 273 933 226 550 80 787 985 79 94 89 191 698 710 371 685 551 102 600 197 179 34 881 169 233 732 421 236 67 336 821 118 457 327 357 948 806 249 789 523 762 279 11 316 844 950 227 355 409 998 153 91 961 252 980 856 77 898 574 563 39 201 901 391 314 800 60 519 225 407 71 911 393 733 96 326 331 913 822 771 942 952 455 643 454 909 427 266 280 594 547 281 377 283 955 650 827 554 218 537 505 791 101 625 489 602 713 220 638 408 293 255 838 385 997 142 329 444 410 4 640 636 287 7 891 683 783 889 190 539 651 949 884 504 470 914 739 991 645 905 359 935 358 680 312 928 170 562 614 186 185 778 689 828 665 322 886 663 743 774 216 888 208 883 951 32 745 559 413 729 866 925 228 525 924 832 452 477 473 26 764 570 35 368 748 61 171 430 167 44 495 456 352 485 123 873 338 481 534 246 671 740 438 546 146 299 857 785 210 662 755 145 515 667 133 577 658 668 248 162 387 870 811 222 681 622 237 5 149 520 829 274 258 608 417 544 742 448 33 85 805 395 708 126 223 38 332 761 652 754 947 915 595 899 944 460 213 958 726 140 585 24 10 160 877 493 194 143 752 183 288 97 264 128 203 676 46 310 890 285 575 894 630 64 366 376 747 192 876 697 394 572 731 15 956 560 164 920 632 842 401 449 175 631 804 136 852 565 508 653 862 906 957 116 152 286 318 193 125 339 601 45 507 561 447 363 864 815 882 607 869 110 405 965 296 609 465 556 824 719 263 847 51 464 557 656 148 927 141 388 503 840 8 92 880 384 855 704 938 155 963 772 666 819 705 624 738 593 425 879 758 784 714 414 496 875 380 360 113 982 677 404 988 591 975 157 295 375 232 267 605 619 548 474 718 317 50 21 647 364 109 741 132 654 812 799 396 871 737 576 629 462 435 290 124 641 626 581 244 660 981 76 151 52 402 606 63 893 446 642 362 383 82 436 749 835 813 569 926 767 968 289 108 250 161 386 84 538 781 527 639 138 896 490 174 469 967 72 346 65 209 567 850 932 929 121 723 885 333 131 836 206 345 166 389 302 58 235 176 472 40 940 526 644 17 859 403 198 816 374 55 463 453 483 88 692 365 670 178 373 137 590 513 860 56 340 127 960 675 970 330 599 158 510 309 424 78 672 177 303 372 392 887 941 415 437 937 298 260 486 98 910 936 973 81 701 270 531 439 757 106 851 381 934 245 348 845 773 900 780 807 611 12 25 214 344 720 865 664 221 610 921 564 649 777 304 903 14 181 533 461 984 578 922 763 29 173 68 66 902 334 115 135 682 549 324 923 57 971 917 311 105 265 442 325 912 349 583 634 892 770 511 139 144 1 529 766 786 861 19 959 466 95 480 411 433 918 996 341 516 172 715 187 168 240 735 623 111 479 432 204 230 440 769 830 445 62 83 205 53 217 202 953 211 99 633 596 919 107 103 977 321 904 588 750 684 868 657 134 497 688 482 788 69 620 528 802 90 308 792 272 809 711 475 966 239 655 238 59 687 986 943 42 584 48 707 292 49 499 13 586 184 734 995 867 615 277 382 224 621 397 305 1000 994 669 826 992 195 282 86 297 207 592 31 976 451 441 721 406 291 307 337 271 422 613 154 117 612 694 637 798 817 350 678 522 306 978 727 501 416 846 579 16 834 717 112 399 70 839 300 494 848 571 814
10
4 5 8 1 9 9 8 1 7 1
10
5 7 1 3 6 4 8 10 8 4
100
99 55 63 36 60 98 42 75 91 92 37 61 73 68 1 18 46 84 33 35 96 78 62 8 76 44 31 27 43 73 81 96 46 66 49 39 67 11 21 79 83 4 56 50 62 20 72 80 93 29 92 82 48 87 51 28 38 85 86 7 33 57 97 22 89 65 71 6 34 11 45 69 40 76 77 52 64 85 54 94 44 88 2 72 90 15 95 14 18 8 13 3 12 59 91 60 83 76 48 99
10
4 10 4 5 7 2 10 1 3 7
231
200 98 118 220 66 79 144 80 191 47 162 180 217 108 147 210 74 162 89 33 125 88 230 52 162 229 167 9 130 143 62 188 223 29 18 19 134 55 126 224 64 146 167 167 117 212 87 161 145 144 90 209 119 8 35 58 39 17 55 186 222 17 110 113 203 95 120 89 95 134 96 42 215 62 174 178 83 158 184 185 82 185 84 50 46 55 4 59 68 40 150 43 19 6 15 6 106 2 54 20 8 62 46 22 95 188 167 23 198 143 106 174 56 210 170 178 188 21 149 101 81 41 103 177 145 212 181 48 186 159 181 110 82 121 157 51 209 227 211 168 215 148 63 158 21 48 176 225 174 47 6 4 178 43 42 192 226 77 192 196 142 54 72 113 181 75 121 21 53 68 138 222 143 77 139 36 98 99 125 163 53 17 125 230 80 206 155 36 4 142 136 87 88 52 110 101 167 59 99 198 146 78 17 138 81 170 16 36 60 152 169 199 175 177 150 24 95 204 158 223 37 61 228 191 10 6 116 172 72 61 93
980
450 184 582 234 907 368 875 953 322 760 365 263 374 795 786 834 379 560 796 423 408 451 466 970 236 768 210 713 465 55 10 920 400 426 196 76 29 897 315 373 79 666 584 648 218 137 824 342 435 681 13 735 267 219 567 836 532 42 85 366 706 30 764 888 613 140 624 864 701 857 382 748 284 161 571 37 51 338 668 4 531 574 370 543 45 41 367 205 547 662 757 356 561 436 585 952 698 299 389 612 819 568 280 447 51 497 102 54 719 84 94 369 289 747 406 915 468 583 445 905 655 200 774 320 576 59 160 294 254 120 654 162 308 155 823 251 396 211 56 943 288 686 845 358 742 525 579 969 766 439 925 125 397 901 659 951 795 194 794 711 193 441 450 199 876 449 850 916 300 717 257 494 365 705 67 806 374 546 726 202 565 699 810 829 972 26 413 509 251 946 655 652 714 222 977 619 336 945 495 940 901 321 928 61 266 958 115 335 252 246 355 235 398 639 382 122 619 944 639 50 261 132 822 781 371 181 46 363 168 563 598 728 353 297 273 784 780 637 918 979 238 279 616 287 858 69 942 899 873 454 862 493 572 517 60 761 264 634 783 471 207 67 499 732 249 174 553 253 146 129 16 111 625 133 652 73 456 729 341 128 453 867 800 389 314 676 88 261 383 18 67 733 372 3 328 754 702 345 252 11 60 171 90 923 664 48 673 520 412 385 960 424 633 130 104 6 801 708 812 388 786 785 473 169 158 759 913 722 736 353 248 589 62 583 511 358 91 327 728 23 265 569 101 790 874 773 282 645 19 762 844 7 772 900 618 581 225 921 635 597 411 552 540 696 763 850 802 695 149 643 931 373 630 362 122 747 452 646 607 209 957 658 326 367 440 820 27 340 434 57 328 84 41 467 865 414 252 341 117 346 475 856 739 588 707 482 840 752 421 870 378 8 422 269 972 283 465 144 729 370 317 97 502 402 579 783 751 481 839 617 5 803 604 458 309 324 928 555 360 922 47 866 654 127 136 250 350 28 32 381 744 278 642 963 3 243 108 44 877 240 563 508 769 112 319 966 489 910 619 212 379 231 889 794 376 869 562 535 595 730 531 574 75 199 229 307 781 81 816 846 472 732 403 160 22 888 712 105 329 754 830 432 728 138 408 76 541 523 779 70 596 423 651 676 157 480 150 325 280 539 503 430 573 591 678 91 388 833 681 784 614 93 71 605 176 112 632 486 627 268 262 526 425 192 20 473 387 134 608 950 639 351 519 904 557 306 318 9 286 245 498 148 275 451 109 236 898 821 310 876 542 516 483 479 221 186 871 725 330 172 12 847 401 71 343 433 906 500 384 686 58 462 375 735 656 880 359 592 513 835 402 543 496 357 399 700 182 715 470 959 238 364 274 524 641 980 98 515 609 6 347 505 135 464 220 8 166 941 394 549 789 722 126 738 590 72 298 559 78 872 512 664 661 86 962 145 396 593 24 575 315 615 807 471 822 504 443 163 213 661 755 293 599 442 388 841 152 809 946 770 247 227 152 17 81 2 642 650 141 477 785 766 52 183 586 420 788 843 507 95 757 836 814 663 386 789 534 869 18 602 178 854 671 325 143 948 964 320 692 273 706 860 276 49 703 437 586 446 228 967 178 361 978 107 657 949 501 195 522 629 96 312 491 38 580 431 165 123 461 390 777 670 41 548 271 939 621 853 507 463 277 72 724 878 727 422 577 161 119 689 675 250 74 224 89 753 765 628 405 518 813 750 278 151 585 371 226 164 490 697 348 209 416 270 197 734 690 894 139 591 291 188 10 815 936 180 806 556 135 746 354 410 849 256 885 745 974 698 28 929 640 644 438 827 881 43 68 159 680 366 771 587 113 352 349 930 331 232 778 638 947 882 485 723 767 303 693 262 740 262 833 203 640 611 53 799 392 816 395 883 756 729 684 915 19 622 741 201 111 311 338 653 118 506 191 927 976 535 825 952 895 933 80 787 232 694 225 934 720 187 281 908 965 284 31 716 619 764 886 143 55 962 239 848 688 176 190 556 947 391 317 374 885 823 108 720 304 244 455 672 179 46 911 594 296 65 51 427 165 35 792 272 302 327 863 408 208 538 818 695 893 436 313 896 284 693 578 315 285 620 460 817 589 33 927 92 603 415 140 909 335 429 570 467 505 918 832 801 566 100 500 973 170 510 106 600 292 484 34 95 569 237 683 804 258 937 975 610 885 333
100
72 54 19 3 35 98 73 10 51 82 1 5 23 60 88 52 45 63 34 91 59 6 44 28 14 37 53 20 67 69 4 74 24 22 70 40 42 26 33 85 83 27 48 18 79 64 7 90 86 77 89 96 8 50 47 38 32 68 93 29 43 56 18 30 31 100 9 99 15 55 11 78 94 41 62 17 87 92 21 95 76 80 63 66 84 71 97 39 2 46 36 57 65 13 16 81 49 58 12 25
400
321 399 113 175 319 396 112 11 287 75 141 114 253 30 335 13 203 301 38 306 269 369 34 209 79 43 65 236 242 325 42 355 84 4 32 18 228 302 153 273 197 226 48 213 58 83 247 204 352 46 47 317 205 196 15 96 218 179 312 125 42 138 176 168 39 205 379 76 99 377 231 299 223 400 331 80 208 49 383 282 390 41 66 386 147 8 177 357 288 266 13 186 265 18 92 299 116 85 347 309 7 334 317 177 44 336 296 149 185 25 65 307 300 223 281 70 192 67 160 155 296 329 156 14 286 187 97 95 133 110 109 240 327 346 279 115 102 89 22 111 180 353 57 284 195 67 199 305 275 388 183 97 235 385 33 389 298 138 23 333 230 220 229 28 130 105 246 365 16 55 339 112 211 130 363 324 387 247 6 215 293 380 304 355 137 126 117 17 12 171 350 52 90 248 29 45 254 68 37 361 318 45 313 74 201 291 255 221 308 368 10 84 151 94 186 365 73 91 69 54 156 259 87 290 113 134 108 373 343 50 294 392 354 336 129 191 381 298 257 82 217 88 95 255 198 256 100 311 140 332 286 292 12 245 64 86 261 345 273 193 219 260 83 244 360 60 166 359 249 228 342 113 370 10 345 268 209 189 200 210 252 93 229 282 242 62 47 31 162 1 18 323 120 135 170 139 20 26 224 210 314 225 120 289 295 107 348 358 234 311 145 18 366 287 98 186 277 276 227 122 176 297 214 157 384 160 127 68 382 250 124 271 5 21 397 230 136 266 267 3 390 109 142 223 322 378 163 165 329 132 393 264 262 195 398 353 305 257 393 330 2 193 337 320 96 34 247 236 182 372 201 398 310 61 54 275 78 320 381 211 119 150 188 190 198 167 35 340 181 208 155 143 71 166 48 81 232 101 146 315
200
94 106 79 14 39 2 85 113 174 46 6 69 8 129 154 170 77 23 73 146 4 37 89 173 30 140 80 163 162 31 114 120 157 154 66 142 87 121 73 148 44 91 32 170 177 8 41 200 83 16 17 115 47 177 123 82 144 150 139 26 145 76 103 139 32 198 18 113 88 122 134 105 182 108 66 62 100 122 185 56 99 49 165 59 42 62 63 148 86 178 153 78 181 190 189 54 77 115 113 93 31 179 130 194 4 2 32 18 57 31 152 43 97 71 106 179 75 130 178 172 14 78 153 114 6 124 192 179 45 53 200 180 70 70 167 152 184 113 47 82 160 171 5 137 171 98 77 33 59 74 117 23 104 126 114 161 192 146 67 50 107 139 160 162 12 66 9 1 135 44 145 28 181 89 58 63 20 78 20 50 92 162 34 175 50 132 51 131 181 198 29 2 7 117 153 153 182 76 42 179
10
3 9 10 3 3 3 6 6 3 6
100
61 58 36 63 99 64 84 55 2 4 8 67 3 19 57 47 5 62 80 43 59 90 12 83 78 92 79 61 19 94 56 79 49 100 30 7 22 46 82 52 42 25 22 12 96 89 21 100 26 4 5 86 24 32 68 60 45 93 74 70 33 76 77 29 70 28 34 20 11 15 3 4 66 51 28 6 98 9 53 18 3 81 38 85 39 72 95 56 32 69 76 73 95 44 42 88 99 40 16 35
3
3 1 1
10
6 7 8 8 2 5 4 9 7 2
20
13 19 18 20 19 17 1 2 19 13 6 2 5 18 6 19 18 15 16 3
573
185 270 172 375 27 116 235 465 356 188 42 508 385 48 61 104 501 567 369 565 373 288 99 252 445 396 318 478 63 378 222 234 122 393 87 45 360 367 382 67 142 338 464 200 437 424 329 70 493 239 416 351 286 283 149 264 381 513 202 512 526 179 491 13 17 313 482 273 321 406 22 272 306 403 127 542 219 250 454 458 326 292 390 276 23 117 498 572 241 447 279 484 177 226 52 488 150 233 91 411 238 548 324 124 363 56 215 163 71 60 32 244 345 247 35 543 476 554 155 404 535 26 229 130 291 131 75 148 470 265 162 139 323 409 384 225 237 169 495 103 561 41 191 370 19 277 377 305 34 44 357 428 245 72 450 485 531 18 564 258 54 462 110 430 90 455 422 319 21 322 460 86 108 469 425 394 68 456 257 353 568 573 517 481 240 524 94 111 251 417 38 349 421 414 199 153 475 113 562 399 389 507 246 510 312 334 290 186 59 58 77 192 431 182 559 98 387 83 544 85 440 516 466 84 78 227 88 361 31 539 479 158 552 379 298 391 208 490 11 547 89 314 294 413 184 203 550 415 145 328 529 204 320 126 5 505 449 178 146 102 569 295 123 12 474 407 560 4 432 434 138 467 93 506 487 82 259 224 408 194 397 388 281 342 346 471 181 39 448 315 6 519 392 92 262 366 438 7 538 69 327 230 284 66 423 463 176 218 2 477 499 105 496 147 212 433 255 325 489 95 300 73 134 121 317 120 248 520 402 197 119 386 316 452 348 383 51 76 308 198 65 374 533 405 557 282 371 566 140 143 118 249 443 20 253 43 260 486 223 1 36 168 125 106 398 310 28 410 243 25 161 81 446 100 211 555 453 271 522 15 205 96 74 135 64 133 49 442 201 261 330 40 55 556 426 221 480 132 97 152 483 558 46 9 62 14 187 220 492 166 472 549 16 57 301 112 263 216 160 339 285 167 439 206 79 504 551 400 441 164 511 514 333 209 352 336 509 344 195 33 530 193 170 335 457 30 207 275 297 468 156 436 242 418 401 461 144 341 165 372 497 115 180 494 451 173 114 331 157 365 53 296 256 523 354 3 303 350 129 546 521 534 368 435 8 358 289 527 536 101 29 267 217 171 545 343 419 254 311 553 80 213 266 395 473 541 537 364 228 154 196 563 128 340 302 190 362 274 278 136 540 287 337 137 444 412 571 429 525 528 174 232 380 293 420 183 309 10 515 502 518 50 280 268 231 347 37 151 304 24 427 175 376 355 500 189 269 459 141 332 107 210 359 159 236 570 532 299 47 307 109 503 214
10
5 3 5 3 8 2 2 1 5 9
165
25 125 103 83 82 60 59 39 68 65 76 50 108 90 152 7 86 142 120 147 43 58 137 56 86 88 51 11 70 60 138 36 119 67 93 151 81 4 11 14 120 58 130 25 39 164 25 86 109 162 99 134 122 101 54 150 8 137 50 164 126 24 110 149 153 3 50 151 33 109 153 91 60 48 9 94 61 23 129 17 96 136 38 41 165 148 21 114 132 86 38 111 150 123 155 80 163 118 117 68 116 37 119 10 56 117 93 52 113 63 135 152 70 98 5 19 59 13 103 41 130 53 76 159 23 127 91 127 111 83 5 109 8 33 129 115 53 58 36 131 35 63 92 44 25 88 104 102 51 105 135 20 92 82 124 78 19 144 155 30 125 12 129 143 85
53
34 14 35 16 40 28 11 17 42 30 25 21 19 23 47 3 49 31 53 7 37 8 26 38 18 36 41 53 33 5 24 45 52 44 51 13 1 43 42 4 51 39 27 6 39 29 48 50 32 9 43 2 36
59
17 51 44 55 24 30 14 25 47 20 1 35 53 49 51 48 36 58 33 5 54 26 19 45 39 31 22 55 16 29 56 40 57 46 38 26 44 21 33 17 22 52 36 9 7 3 37 34 9 8 32 19 50 59 28 2 23 13 42
10
4 5 2 3 2 4 2 6 10 7
10
9 10 2 6 7 10 9 7 7 9
59
21 10 24 9 59 43 42 14 3 26 12 55 42 6 25 58 16 32 33 38 52 48 38 49 5 19 46 53 4 13 27 50 35 1 22 13 51 43 17 55 20 56 41 39 39 8 42 1 28 23 31 34 34 44 44 55 11 47 18
320
18 225 158 56 232 114 289 72 209 293 125 59 290 183 264 261 129 97 102 271 60 215 310 140 173 296 67 319 99 162 152 271 140 119 178 297 199 185 260 260 25 173 82 34 205 280 302 116 291 6 300 192 81 320 230 188 119 156 5 87 53 69 263 243 283 104 196 129 92 229 240 28 251 19 231 120 282 240 217 278 257 116 237 30 202 58 154 296 189 195 318 24 228 234 261 297 85 178 98 300 42 214 79 247 278 59 186 290 8 154 143 65 243 120 234 253 268 55 252 269 90 253 168 216 171 44 142 63 290 46 2 156 18 101 103 130 84 174 141 182 6 105 182 208 240 97 227 315 162 58 226 65 251 116 104 55 52 207 135 209 69 255 218 220 26 150 210 292 223 181 197 271 100 164 126 277 79 69 68 84 301 274 292 247 10 267 1 143 138 9 32 37 171 148 38 198 194 307 31 84 40 154 70 314 116 262 27 225 245 167 238 134 239 88 7 103 258 189 81 270 16 173 50 50 303 239 90 160 192 96 172 230 127 57 248 222 307 219 110 121 166 4 80 162 104 256 220 247 166 117 181 90 187 227 130 170 62 169 317 9 169 31 256 38 304 13 212 84 217 93 207 193 284 99 200 50 117 198 112 310 197 77 70 292 92 21 88 50 2 214 240 277 34 185 3 7 304 308 164 186 306 208 290 319 217 63 231 12 248 180 136 285 91 152 262 193 298 87 166 32
20
17 18 18 8 4 2 8 18 12 13 9 20 11 16 2 3 3 14 16 19
1000
286 497 753 208 982 157 769 159 815 889 524 519 944 952 126 709 885 398 480 723 123 930 355 526 440 60 809 337 737 827 710 642 276 83 47 689 354 808 856 818 167 163 897 898 867 960 254 277 13 292 618 375 434 117 976 389 446 985 625 26 418 467 940 979 963 115 900 848 220 693 659 396 394 490 924 571 560 673 407 760 310 146 34 680 448 744 6 447 116 562 339 445 215 247 806 895 182 264 127 527 300 887 935 211 781 890 803 846 597 269 319 909 408 422 376 704 56 129 914 195 209 17 21 652 53 139 99 782 555 253 565 568 340 698 954 150 624 263 196 664 214 938 308 891 493 82 850 190 414 136 718 716 278 458 863 197 433 241 678 838 692 302 42 356 608 464 41 920 397 360 473 859 520 200 365 556 109 991 937 574 590 533 670 281 869 844 226 124 77 409 923 738 489 881 120 213 156 600 143 174 239 797 31 992 373 950 391 4 121 404 104 650 16 141 49 893 275 482 932 219 947 492 628 541 250 251 743 563 280 707 536 700 320 566 46 772 588 956 201 303 547 93 423 915 798 826 94 715 318 225 410 948 130 702 481 374 870 462 466 724 8 517 138 98 328 931 601 147 110 647 837 646 385 686 217 33 48 52 877 229 112 951 727 603 879 1 861 338 406 660 268 50 377 412 635 629 801 543 476 289 39 162 240 996 835 349 816 491 530 81 441 651 454 783 790 820 989 249 875 858 926 834 619 457 456 91 793 265 615 342 222 577 604 746 403 382 28 288 550 810 631 586 788 662 212 152 874 43 189 786 427 510 14 802 23 164 599 906 688 330 87 882 388 416 175 161 685 176 729 100 747 583 271 256 267 936 504 514 501 691 683 151 946 855 273 228 477 363 331 964 207 972 669 73 400 336 169 792 917 395 828 675 335 472 977 386 79 113 352 500 578 294 57 149 819 364 581 61 425 708 496 114 243 825 392 942 351 795 534 791 883 494 959 878 548 585 714 572 260 97 311 227 731 218 92 696 270 85 695 485 148 153 997 313 542 325 324 154 584 842 498 258 108 282 756 1000 62 622 484 717 999 86 171 860 728 25 387 35 546 19 255 610 907 469 450 507 580 817 903 74 32 761 822 432 654 88 2 461 726 78 379 22 833 778 538 378 411 626 630 934 103 681 953 478 720 118 20 742 986 173 348 847 668 11 345 995 421 706 589 306 612 424 757 429 244 231 785 928 632 638 945 511 298 30 305 479 177 592 248 637 591 293 545 712 777 486 975 569 968 242 851 90 970 296 866 234 771 132 558 607 679 210 843 180 921 739 54 221 713 487 417 765 372 933 436 849 187 237 529 181 551 606 908 235 291 892 71 595 166 198 762 611 284 333 823 359 570 165 768 199 602 531 962 508 259 613 682 51 323 516 824 690 205 137 59 502 699 223 329 509 341 540 639 701 295 442 872 361 633 766 37 468 750 661 911 687 455 973 919 641 312 193 773 495 656 655 122 971 845 290 186 594 261 140 941 994 763 980 393 896 183 925 437 967 402 836 811 443 998 796 644 617 684 981 367 128 984 170 463 449 380 309 125 857 505 431 740 89 627 232 634 532 203 346 894 528 230 420 184 969 735 554 579 390 703 754 326 813 841 515 15 800 106 370 799 521 283 593 369 12 780 812 886 452 711 770 29 587 576 636 901 821 45 784 616 334 413 853 840 643 965 958 3 84 957 465 535 759 758 80 435 902 667 993 582 984 776 918 7 736 512 236 653 876 807 767 913 158 880 70 105 839 314 775 537 350 927 343 804 315 430 301 327 978 428 663 202 245 725 722 134 730 297 789 573 95 419 38 27 922 677 732 344 912 9 307 470 131 415 539 988 645 605 621 332 246 474 401 366 884 871 719 503 322 831 987 233 160 66 749 552 460 155 72 499 145 381 68 734 69 561 949 748 18 384 544 694 102 172 272 287 929 399 990 974 553 671 444 185 614 549 101 943 347 299 904 657 697 285 779 194 362 368 830 829 733 564 983 10 609 144 596 216 705 623 65 899 44 665 67 676 438 506 832 192 358 483 854 357 955 274 814 916 119 224 888 905 76 649 168 575 36 191 75 672 321 787 523 862 961 266 24 598 518 316 475 179 142 522 63 353 426 873 133 279 383 439 252 852 206 939 262 513 135 910 567 755 752 40 371 966 257 459 238 751 805 674 559 721 525 658 741 648 865 557 55 405 794 64 107 451 5 488 766 58 868 745 96 317 864 178 204 764 666 774 304 453 111 471 640
101
101 11 28 61 75 13 17 66 60 8 97 34 100 1 23 22 30 49 9 79 47 18 84 81 1 91 26 80 33 62 10 14 21 31 78 52 45 69 85 93 87 5 39 1 83 27 52 101 96 51 6 25 65 90 7 74 76 57 35 42 95 89 27 50 55 72 71 92 37 77 53 22 54 59 41 20 3 46 73 58 4 56 12 38 82 2 24 68 68 15 29 64 86 39 40 19 67 44 74 94 48
572
133 215 345 231 410 503 165 117 97 395 332 301 245 180 267 293 34 405 409 387 136 522 80 91 292 38 8 242 384 436 19 259 443 69 93 251 238 265 327 556 542 134 163 561 360 155 131 511 65 547 527 382 187 481 501 437 453 144 114 83 399 250 447 124 208 283 475 35 294 135 381 160 449 37 33 466 99 342 474 23 569 458 435 495 471 112 515 113 364 564 27 197 142 533 464 392 216 372 264 118 306 473 10 45 328 487 25 204 361 280 221 314 322 531 164 303 109 196 525 316 440 538 58 304 519 39 61 309 257 555 56 129 122 302 351 295 219 86 570 44 151 87 169 82 369 514 96 488 31 337 262 298 418 452 274 227 201 462 312 168 223 268 41 115 243 417 391 55 143 255 4 493 318 2 456 446 78 161 479 202 63 354 412 311 282 247 188 366 383 535 341 390 81 558 315 486 175 516 368 179 235 388 325 349 28 346 22 49 75 211 526 333 562 233 537 472 541 228 7 273 76 190 62 492 540 375 232 321 213 356 171 156 509 340 499 290 566 185 276 275 120 374 220 126 438 371 400 253 478 106 289 530 489 352 353 189 50 125 157 105 461 256 343 60 497 536 51 504 162 186 416 439 79 46 434 239 365 110 485 278 459 74 66 367 444 195 137 450 457 12 362 104 94 532 467 21 424 320 543 244 70 260 85 241 226 396 172 269 363 130 159 184 477 422 158 152 146 359 451 572 218 263 441 119 102 480 132 174 379 5 36 521 557 550 127 48 414 225 401 411 551 553 502 358 193 177 64 470 490 560 236 153 183 182 432 508 554 431 9 107 393 524 212 103 496 419 249 270 505 147 329 376 545 205 305 291 17 380 408 323 71 272 121 181 445 528 430 510 108 397 567 426 286 334 67 40 192 191 271 199 47 465 549 206 18 336 455 568 14 308 234 230 330 296 154 378 166 138 53 15 454 254 413 563 552 217 258 523 404 433 355 494 281 101 77 385 548 29 52 534 335 229 252 398 59 88 13 167 98 513 394 194 277 141 348 500 246 123 476 139 415 24 84 565 506 297 150 463 149 407 116 173 468 357 491 20 420 284 90 326 54 300 203 520 26 224 324 178 402 389 89 100 30 222 483 57 546 128 529 92 72 176 6 571 427 370 210 170 331 469 406 240 288 317 68 73 403 429 145 11 484 498 559 386 148 507 140 299 32 209 198 377 16 544 344 279 42 448 425 237 248 43 373 421 307 266 482 339 539 319 285 3 518 287 310 512 207 261 95 350 313 442 111 460 428 338 1 214 517 200 423 347
10
4 3 9 10 9 10 9 4 2 7
10
6 8 9 1 9 7 9 7 2 3
1000
410 784 216 301 772 686 498 681 326 563 845 492 810 442 490 302 981 617 10 989 76 23 22 945 208 322 571 932 44 117 321 264 470 1000 74 324 823 795 399 479 900 296 53 668 438 946 465 520 543 753 304 871 855 93 241 279 115 605 624 140 659 292 875 250 952 328 883 717 607 137 851 689 806 35 765 21 474 164 643 367 431 232 891 842 747 337 238 207 493 43 505 464 65 212 909 504 64 770 396 910 588 476 888 801 766 447 235 926 675 761 373 789 294 202 591 227 30 857 676 20 928 612 260 927 780 835 567 298 454 265 424 467 547 585 112 555 70 97 209 577 193 363 422 377 248 794 225 693 586 596 462 827 999 992 690 688 572 991 516 865 469 642 491 887 650 267 16 512 660 568 445 692 798 925 518 594 176 750 62 531 347 527 724 687 877 620 993 481 744 708 830 11 141 246 276 773 886 619 849 604 145 446 423 468 826 411 88 702 139 951 976 94 255 756 615 3 421 629 638 258 987 524 633 996 147 828 116 54 995 812 15 723 807 330 268 426 561 87 350 895 48 816 796 418 684 489 944 545 529 380 458 293 959 103 213 953 733 220 799 123 819 582 610 32 130 344 401 856 473 393 420 841 336 860 333 190 413 804 522 391 783 461 852 695 754 608 456 741 696 229 206 40 252 113 814 631 398 128 745 964 4 77 457 214 957 542 870 897 434 614 713 386 782 432 972 705 797 790 444 57 31 26 433 343 613 581 404 66 917 56 811 906 275 375 652 273 297 372 924 878 453 941 200 266 523 884 181 671 425 938 922 378 869 360 656 904 680 898 466 354 525 920 142 501 96 262 495 907 143 81 853 338 463 471 935 536 601 821 954 779 283 562 435 738 558 312 598 905 565 988 280 984 50 494 381 99 731 178 39 104 502 366 537 42 587 936 955 331 448 824 730 38 277 602 475 80 882 244 933 271 217 600 958 131 349 198 654 234 480 748 970 237 323 55 776 934 781 91 544 487 589 14 737 319 171 125 635 658 714 662 979 179 341 129 743 287 303 251 539 626 282 151 120 92 764 359 966 228 161 33 352 184 269 551 627 102 63 918 288 757 188 389 374 808 661 593 440 948 521 240 186 12 89 394 653 559 872 649 711 557 364 203 122 18 257 913 290 166 673 767 665 168 982 716 715 159 994 175 867 760 584 172 710 222 361 583 182 961 742 861 180 980 700 253 549 815 403 820 459 105 75 639 503 25 60 73 133 595 535 822 388 29 709 975 136 138 500 385 239 785 36 169 552 609 85 672 127 170 628 881 27 157 236 51 978 428 569 912 759 990 903 107 526 482 370 149 777 101 441 817 195 902 486 916 833 150 803 387 973 135 866 414 637 930 739 678 383 286 720 108 630 376 778 310 215 838 640 28 694 540 362 874 839 59 968 460 771 406 218 611 914 648 223 82 452 550 346 219 309 677 712 703 79 956 576 919 553 699 621 165 873 335 382 205 755 355 499 507 61 86 485 450 836 618 132 947 832 496 901 834 348 371 509 100 769 119 719 606 805 357 8 846 880 245 183 6 831 230 72 155 701 929 942 685 284 405 548 726 69 533 691 963 247 409 316 249 704 564 943 477 114 641 311 449 49 514 68 9 325 402 985 949 556 368 854 950 534 153 848 850 397 965 177 800 749 272 443 384 412 858 439 47 847 189 299 109 986 430 735 634 786 768 45 285 655 78 163 392 579 997 802 746 231 320 894 813 510 752 575 98 636 5 196 998 793 707 46 899 876 192 437 313 281 829 560 740 983 862 969 578 7 937 419 289 156 243 317 173 259 734 728 429 597 278 679 400 233 484 706 13 725 541 427 295 58 242 590 825 261 538 890 270 37 647 818 896 152 226 787 191 408 667 511 670 126 663 758 616 623 497 962 84 863 580 566 682 90 729 199 416 71 327 106 632 254 204 118 718 885 274 530 698 843 915 160 574 519 977 314 307 52 201 651 622 300 19 185 340 809 683 570 417 67 483 859 197 727 167 840 889 83 893 892 844 353 318 308 358 472 41 669 592 345 356 923 332 974 971 95 879 960 436 506 306 864 573 329 478 646 221 940 351 134 339 174 751 124 121 657 645 736 931 508 664 162 194 792 224 334 921 342 697 939 603 24 788 666 488 722 967 210 546 256 379 407 644 305 148 762 911 528 837 775 415 732 365 674 625 263 395 908 315 599 455 554 211 868 2 451 532 17 513 111 515 721 110 144 390 369 763 158 154 187 517 791 1 146 774 291 34
101
75 57 73 34 8 64 92 73 89 97 99 74 48 19 5 17 16 4 52 65 22 30 24 31 33 15 68 41 40 70 28 1 95 88 91 47 59 20 54 98 86 23 83 72 77 66 14 60 93 101 53 69 21 81 62 33 32 39 92 25 43 84 55 71 58 18 76 44 12 61 13 23 29 49 36 90 6 79 63 45 99 55 35 16 38 50 22 96 80 10 78 100 85 15 2 51 46 27 5 67 37
1000
668 267 9 277 774 375 745 664 678 552 84 219 640 583 896 65 519 958 96 41 104 704 276 834 401 182 641 193 961 375 964 667 469 287 982 453 86 549 742 306 968 630 983 327 115 409 315 464 450 281 906 812 98 565 640 766 83 600 356 169 383 832 488 954 517 445 113 579 272 107 782 457 523 476 320 611 254 575 438 281 680 697 58 337 13 90 39 727 347 498 376 350 338 378 834 936 463 171 636 836 824 940 384 73 867 20 553 632 973 718 310 953 863 108 353 962 91 54 89 740 612 111 334 80 648 27 442 816 709 764 455 848 913 948 655 326 617 667 690 815 456 307 556 649 2 7 177 410 737 298 913 172 108 383 97 325 151 135 837 306 310 4 88 209 737 519 875 32 987 799 620 302 756 631 1000 796 906 660 606 741 803 359 684 481 584 615 240 556 100 626 664 386 172 91 346 786 48 725 191 149 242 517 950 575 950 75 79 333 49 894 449 747 139 589 17 358 653 405 680 455 397 313 787 92 874 305 871 438 926 506 716 944 810 883 106 125 933 288 83 280 183 795 147 407 822 46 211 259 348 216 106 361 774 283 363 498 824 731 614 334 970 777 645 713 965 915 644 640 691 966 422 571 224 100 228 497 123 557 56 808 510 305 103 358 174 930 949 380 415 113 91 962 723 750 250 971 14 853 991 727 224 202 926 409 974 781 166 74 871 962 650 168 997 141 847 483 369 72 828 327 225 806 86 16 990 174 125 75 748 467 899 686 370 348 415 729 390 262 356 946 264 183 281 134 915 2 216 89 692 432 722 367 718 946 756 645 636 997 984 536 776 328 612 225 809 713 822 467 438 603 971 942 649 707 628 951 869 753 681 844 358 365 526 856 64 803 432 288 885 335 767 469 641 720 538 401 45 638 248 635 586 342 696 49 600 29 637 821 98 701 678 93 682 547 611 115 96 500 231 149 321 249 457 839 254 598 635 347 842 174 81 600 775 176 826 457 800 26 984 506 832 304 917 127 336 365 850 126 673 804 357 873 655 474 555 246 359 353 993 856 416 793 1000 646 712 93 937 661 201 98 122 970 267 996 948 693 919 863 974 352 266 770 549 846 558 613 245 128 97 836 322 563 834 930 361 779 471 319 772 71 732 342 518 624 69 875 402 200 388 167 709 421 371 776 902 326 108 182 39 348 559 487 326 123 354 208 973 419 727 296 873 935 127 250 267 744 418 215 203 333 421 901 895 165 267 153 263 61 421 491 22 420 507 426 350 418 237 474 291 894 324 354 585 9 169 634 302 117 663 410 471 937 415 450 705 266 185 739 732 993 736 769 681 979 195 833 535 440 712 514 917 221 362 747 640 660 280 987 763 625 474 102 278 111 326 233 295 706 401 921 295 542 128 913 301 874 848 356 482 428 740 614 412 558 377 262 308 863 785 7 852 333 819 663 883 589 301 480 831 556 159 341 318 675 228 446 601 571 657 580 604 454 384 862 535 361 901 36 730 853 592 305 542 843 183 540 869 327 192 29 412 676 202 673 734 347 686 126 804 887 723 876 352 754 289 791 394 100 88 689 94 728 669 875 566 619 351 919 788 852 532 937 314 581 840 32 760 485 356 220 395 331 966 784 638 395 629 508 659 898 232 546 798 289 412 8 901 903 181 641 761 666 583 9 634 587 802 428 927 710 789 415 183 451 350 885 663 326 263 317 987 952 218 480 820 304 764 581 261 810 973 394 449 8 175 534 40 677 584 164 792 770 563 311 79 110 705 107 501 868 933 438 105 575 999 423 847 568 386 244 321 629 634 860 801 48 644 619 656 226 256 158 758 763 341 460 692 504 201 664 511 120 725 793 347 89 440 316 114 985 807 831 827 325 243 672 662 759 203 336 308 327 980 160 647 888 879 972 190 233 52 787 420 984 39 808 618 377 368 573 37 507 321 901 537 468 108 960 588 413 783 586 173 716 876 217 481 936 117 650 437 303 870 416 248 499 589 803 75 12 707 83 347 442 489 865 912 239 534 70 351 490 20 137 213 264 264 547 292 187 453 523 526 162 83 830 371 679 754 846 850 661 93 250 840 316 995 667 596 529 786 454 290 477 64 959 850 256 11 237 754 597 91 522 256 831 346 352 804 499 600 447 708 373 725 699 253 232 615 953 359 780 73 790 60 172 7 216 292 699 273 577 623 222 696 522 445 293 209 1 80 170 906 696 649 105 591 287 797 864 82 8 619 130 47 884 749 503 681 17 962 181 701 646 591 156 563 985 591 132
1000
839 333 935 196 65 392 351 776 38 709 571 923 89 892 362 778 273 629 611 456 583 464 225 280 131 748 78 452 531 33 873 8 264 962 820 474 431 463 792 188 536 221 358 945 847 524 399 665 497 504 893 767 623 306 664 896 48 272 702 207 4 679 2 336 911 499 36 15 920 749 946 940 496 754 436 683 27 214 298 824 418 894 270 485 96 659 80 736 324 823 435 789 303 697 121 47 40 421 919 458 476 874 453 597 710 729 555 1000 193 77 795 9 390 334 925 328 494 405 711 959 650 565 957 277 106 838 948 69 862 537 274 798 931 372 451 439 963 75 653 727 669 90 350 986 6 883 871 21 26 544 831 617 559 608 227 84 545 513 178 58 74 232 640 156 715 393 556 118 441 478 576 907 652 879 170 909 455 553 95 658 148 330 759 181 251 551 153 337 295 437 294 342 151 218 902 370 102 956 774 689 690 366 763 514 821 145 676 518 94 429 115 951 674 520 828 398 701 157 654 546 45 943 705 612 234 782 870 916 301 692 796 42 111 290 707 700 779 250 210 205 423 172 327 836 564 901 869 599 753 678 719 822 947 122 346 618 57 809 803 246 454 615 34 223 745 50 124 502 554 791 143 339 954 988 419 401 714 614 877 854 662 291 666 332 469 445 323 703 680 670 929 341 249 239 255 881 897 490 802 912 625 517 712 634 133 129 347 278 371 293 257 72 248 56 307 967 359 899 394 739 142 137 16 529 557 904 801 508 208 152 656 109 704 913 299 928 447 853 601 895 636 91 159 979 459 477 321 713 241 811 184 177 538 383 53 540 993 764 639 624 661 304 322 762 845 134 116 5 857 728 373 308 473 349 983 168 63 319 743 627 212 465 343 60 379 424 992 267 740 486 144 462 430 101 479 41 578 378 833 76 107 198 816 621 243 386 415 211 588 59 167 756 800 85 686 541 489 403 747 344 872 641 586 195 99 573 108 416 644 584 173 268 461 11 507 808 580 171 852 794 819 438 19 734 994 535 974 117 840 31 408 851 396 283 377 147 265 579 787 119 887 687 127 722 598 810 817 87 97 731 723 910 797 427 365 941 772 55 724 488 922 146 201 335 850 491 317 837 24 252 263 534 236 93 260 164 805 179 885 297 369 229 647 543 422 757 220 708 866 414 483 696 995 197 165 975 387 900 413 814 43 970 888 843 428 367 289 783 189 568 162 781 775 784 128 675 285 635 603 256 737 755 628 407 135 120 361 450 380 158 238 382 501 506 258 426 503 368 331 385 357 411 937 391 699 858 600 203 509 865 927 185 81 49 286 139 671 876 348 316 950 890 244 547 968 338 717 878 70 449 352 460 566 37 813 180 523 62 610 657 199 567 752 875 848 284 432 917 481 777 219 487 602 400 12 977 751 266 577 287 730 933 830 311 92 785 655 22 720 160 891 770 906 237 863 818 186 309 738 668 645 741 406 468 442 46 548 990 314 470 240 166 187 626 493 29 832 648 609 7 589 83 542 302 448 395 590 444 472 691 605 44 965 123 310 908 305 613 105 457 746 17 329 966 953 112 313 492 758 735 549 972 788 587 402 581 404 938 732 104 163 569 733 649 987 340 216 989 425 100 440 604 471 769 918 806 480 51 183 20 633 969 964 575 412 985 859 829 54 949 200 812 217 846 991 192 498 642 533 726 345 570 35 3 66 73 827 616 467 519 804 932 530 261 318 978 861 61 154 971 224 354 384 215 82 269 684 998 271 930 132 325 113 28 279 71 356 742 793 572 563 282 381 125 161 233 561 482 388 880 637 312 262 807 500 815 484 936 230 521 884 864 760 725 194 515 695 253 138 397 433 698 780 326 982 254 632 420 525 222 39 209 242 276 867 681 582 643 694 417 150 360 389 594 374 526 409 86 532 761 835 320 231 190 376 981 973 721 434 13 475 259 32 149 52 944 126 552 516 245 939 593 103 606 773 1 905 882 14 842 446 247 30 175 826 914 790 213 204 716 592 18 595 176 841 275 638 961 110 693 539 799 924 528 591 997 942 114 960 235 999 560 300 926 25 860 771 375 505 856 672 10 511 226 136 706 206 67 574 663 288 651 630 355 562 667 765 825 786 607 68 682 364 688 889 915 619 466 849 934 130 685 984 155 898 834 955 596 750 868 228 903 64 886 646 191 363 952 292 141 620 410 585 315 169 353 174 182 495 673 88 512 718 281 510 550 558 855 622 744 522 660 921 631 768 140 202 976 766 527 677 958 98 996 844 23 296 443 79 980
502
67 491 111 337 10 228 155 272 58 35 79 454 65 167 105 68 237 315 75 171 33 314 289 246 353 147 210 483 445 207 269 185 443 29 194 391 224 287 295 202 397 457 126 181 302 94 221 310 285 340 264 349 86 229 135 494 386 436 335 261 244 203 462 139 62 325 217 151 382 374 311 143 328 465 186 34 190 413 227 425 320 8 419 153 48 253 73 180 486 361 61 406 201 439 339 158 343 500 113 121 108 476 116 385 396 183 192 211 316 59 369 482 9 304 387 318 364 284 22 130 307 296 97 230 154 460 18 131 357 363 83 17 393 189 398 463 106 251 344 235 187 92 174 458 25 117 107 395 250 212 435 456 403 286 15 99 408 260 455 197 109 219 88 492 231 292 372 132 277 308 360 276 313 371 196 27 164 70 399 299 461 444 373 389 475 240 54 348 448 478 501 437 346 90 137 468 85 32 243 146 298 46 69 162 72 165 16 257 102 429 159 330 469 305 442 262 431 103 306 23 424 115 95 327 96 223 288 407 322 473 134 37 104 45 333 331 110 273 420 405 55 249 416 123 447 379 467 317 11 368 381 239 128 323 466 362 206 31 389 502 3 193 4 60 81 30 200 388 488 13 432 136 358 247 47 51 480 236 14 233 198 173 49 489 280 7 191 184 129 394 452 38 279 252 40 267 248 118 490 195 278 312 140 209 127 359 499 245 71 80 470 160 336 418 256 384 341 441 42 383 421 356 242 44 78 74 282 365 2 166 52 220 423 347 19 326 345 177 5 141 241 485 497 334 415 297 232 76 401 440 216 133 179 481 24 199 63 268 409 433 150 471 378 281 283 170 169 1 459 294 28 91 222 265 84 263 12 332 21 161 400 178 26 157 434 274 449 438 98 411 234 254 50 352 450 428 484 464 290 87 163 472 370 402 172 404 89 238 309 303 120 427 258 41 495 112 366 66 293 451 291 39 122 100 156 354 149 205 43 446 474 275 319 324 119 392 215 376 414 380 204 168 453 377 182 355 188 213 301 226 412 175 255 367 375 266 125 350 487 342 417 426 225 82 20 338 93 390 6 57 479 498 53 329 351 430 138 64 144 208 56 270 410 114 77 271 101 422 152 36 176 148 300 477 321 259 218 145 142 124 214 493
10
8 6 4 6 9 2 10 6 7 7
53
18 46 15 45 53 31 24 20 17 32 2 21 37 26 51 27 38 19 35 7 48 36 6 16 27 34 10 22 8 17 49 16 41 25 14 39 12 50 47 44 30 44 33 42 52 29 42 9 43 9 13 5 40
10
7 3 2 9 9 8 10 7 4 6
3
2 3 1
200
69 81 19 89 174 101 50 18 42 184 171 82 161 109 119 28 168 38 104 152 79 138 146 129 63 83 176 85 159 16 108 14 180 116 49 171 176 185 138 196 16 72 100 72 11 44 59 71 92 101 86 3 106 35 93 125 72 63 115 16 133 143 148 124 49 31 44 144 12 172 44 102 172 15 78 174 197 103 134 187 188 103 103 105 108 37 43 147 131 122 57 104 154 4 98 175 111 173 155 75 117 149 116 108 6 123 69 161 40 144 145 75 16 58 158 122 81 85 36 158 16 92 113 146 137 174 154 106 133 17 45 42 193 84 105 44 178 97 178 96 68 131 126 83 95 26 65 139 113 14 198 119 100 77 81 110 15 49 93 185 160 124 145 184 200 19 43 93 27 83 58 49 177 100 54 105 124 198 43 31 44 50 104 85 54 118 23 127 122 111 21 100 38 123 30 184 100 135 42 117
870
753 753 830 7 270 158 470 846 662 463 127 437 65 833 800 64 610 331 690 173 274 743 497 208 203 60 683 349 51 687 804 190 162 741 535 675 486 433 397 128 298 181 281 769 125 73 469 804 810 140 276 456 170 501 278 365 187 636 644 838 33 305 393 500 336 664 27 417 4 476 490 725 87 717 78 621 514 420 14 164 791 746 512 851 319 762 455 345 345 228 63 502 150 640 322 622 232 521 170 355 749 692 213 525 219 92 546 192 235 538 742 246 133 252 630 50 468 784 738 563 73 851 573 739 438 737 489 733 467 621 528 648 531 829 111 752 612 56 632 840 225 66 426 685 855 10 163 197 105 358 387 602 228 298 9 376 549 15 381 856 845 32 518 658 735 276 732 512 113 556 91 283 62 692 622 501 757 369 207 725 588 572 309 53 342 669 678 395 321 179 488 830 426 305 304 461 631 422 389 733 846 495 799 271 113 682 821 280 492 323 253 88 626 51 810 555 477 631 411 540 785 458 630 747 193 192 712 530 94 367 492 78 603 692 30 833 689 541 357 524 436 49 51 537 540 690 369 120 705 852 130 664 194 448 654 258 67 222 667 356 633 761 86 158 33 79 693 574 381 28 820 179 681 798 505 353 740 327 168 163 96 230 655 341 703 392 472 203 818 248 427 170 44 432 94 508 225 519 598 824 322 88 637 815 449 385 326 801 453 56 423 817 267 229 668 132 52 11 800 627 651 428 792 701 869 81 591 636 822 39 799 241 703 793 424 387 316 814 235 562 202 499 18 590 11 70 681 257 686 41 794 774 509 119 190 789 350 177 77 12 388 428 784 782 595 313 45 695 55 799 349 138 104 16 130 294 88 750 122 513 666 162 724 547 494 802 464 145 673 446 26 149 230 417 665 297 653 312 211 424 480 839 789 427 636 590 542 869 437 58 352 356 47 439 715 722 230 776 286 180 728 450 718 642 504 615 714 600 598 33 268 767 229 689 548 810 48 333 277 414 500 405 15 162 141 404 497 720 131 187 355 331 519 313 383 814 450 165 382 194 6 27 98 744 249 427 225 372 796 854 537 185 683 281 483 523 521 255 294 539 266 732 179 354 725 745 551 448 606 407 698 551 362 114 567 856 616 693 4 53 61 459 719 749 74 174 636 267 605 629 182 168 491 128 149 452 159 719 722 800 41 208 86 820 587 793 345 865 778 372 89 527 237 43 418 540 169 813 604 78 442 490 311 312 867 369 284 577 268 560 302 415 24 549 812 348 630 469 147 857 38 632 640 683 766 312 735 235 467 32 295 857 207 627 231 336 650 273 547 344 432 458 554 269 376 628 597 213 250 568 783 231 443 364 419 391 558 131 57 245 230 565 172 318 65 148 211 362 279 268 680 541 39 698 185 625 862 154 270 779 622 70 408 579 479 103 753 526 801 656 482 713 222 108 40 452 365 430 315 533 652 385 468 407 426 499 357 500 524 260 446 234 441 187 237 751 630 274 409 525 580 437 176 862 60 311 253 777 441 505 815 185 680 267 213 589 650 40 615 615 695 24 790 818 869 442 76 448 369 661 298 678 379 429 273 565 813 581 766 197 105 338 736 49 254 308 675 859 175 394 689 123 42 53 122 62 869 486 220 76 526 94 694 643 198 171 226 389 616 212 3 454 765 241 361 5 718 382 284 60 808 232 718 110 703 693 10 668 587 613 74 12 566 527 765 436 356 563 707 219 590 791 669 400 208 326 335 20 469 324 215 71 321 455 822 330 749 823 571 853 138 795 794 426 643 863 122 545 116 704 246 477 811 647 126 65 788 566 795 308 26 766 80 424 582 1 255 469 641 868 148 792 356 154 422 791 547 384 286 329 392 681 611 859 79 729 214 672 164 850 217 591 29 146 431 648 5 659 14 51 124 632 185 590 110 399 679 459 834 3 754 230 502 607 717 823 470 306 273 647 734 414 574 847 143 150 379 613 21 225
100
59 9 19 16 63 48 49 69 3 37 79 91 70 90 81 98 43 7 12 67 46 17 4 68 26 99 41 66 97 22 34 92 54 100 33 51 31 6 38 96 5 8 47 11 84 18 93 42 27 53 56 40 21 85 45 23 36 82 20 73 29 77 89 80 10 75 39 2 71 28 52 60 78 86 64 1 44 30 58 94 62 25 32 35 65 72 24 57 83 87 13 76 95 15 50 55 14 74 88 61
100
62 14 30 95 12 41 15 75 32 48 65 98 6 27 53 1 53 28 55 10 65 66 53 73 35 68 77 19 4 34 88 73 5 74 92 11 56 49 14 22 35 60 59 47 80 17 18 67 97 12 63 97 85 1 3 84 19 22 68 90 37 89 72 16 96 4 38 47 13 91 100 78 76 91 1 42 72 9 19 99 66 44 51 8 31 63 83 37 86 46 45 20 64 92 33 87 40 14 36 43
100
54 76 53 28 43 35 46 36 56 13 41 14 69 45 100 32 19 10 29 11 63 80 38 26 57 17 91 72 44 89 64 60 23 61 95 74 48 73 55 70 27 33 71 79 92 70 15 94 30 7 60 21 80 42 48 83 97 31 2 90 82 80 58 65 49 47 99 61 86 2 9 79 88 20 91 1 17 6 12 63 18 50 84 68 23 75 69 36 16 81 84 66 66 62 77 17 92 91 78 5
20
10 17 9 13 1 11 19 14 17 20 13 20 17 3 13 2 12 8 20 13
20
8 4 9 11 4 13 10 18 5 12 12 2 12 6 11 1 14 11 17 8
1000
641 254 266 281 302 226 297 688 410 291 493 963 947 362 674 219 679 765 899 811 766 176 574 966 735 23 649 55 193 547 461 36 970 659 267 132 553 669 789 580 843 166 879 170 96 957 490 933 224 755 778 454 123 151 28 476 976 555 759 715 319 926 345 587 209 264 179 426 898 859 15 435 553 909 678 452 956 327 460 942 228 567 108 237 917 225 524 514 730 427 310 726 428 390 738 45 653 172 975 729 406 691 664 522 518 322 344 83 595 605 336 42 324 385 806 936 269 800 532 525 346 411 261 833 446 809 589 612 492 332 316 264 746 360 688 983 694 709 413 314 564 173 930 393 798 894 47 985 631 854 561 620 296 536 442 727 348 643 75 349 723 763 528 491 195 532 564 231 667 878 182 630 739 986 97 596 572 538 67 148 468 171 269 530 386 286 3 839 708 866 635 441 198 5 165 527 117 322 233 674 788 977 496 693 265 23 263 455 65 298 824 708 47 573 708 66 782 371 16 987 877 323 543 338 629 6 720 103 865 320 168 627 142 361 276 844 84 273 546 307 725 662 86 599 199 220 480 404 714 999 11 858 888 23 299 850 744 318 440 894 723 167 207 519 205 651 612 472 566 3 894 408 238 884 5 301 757 614 768 601 4 826 167 608 843 186 375 422 925 919 887 980 708 510 981 153 7 210 255 893 215 656 787 9 520 903 240 2 184 80 312 311 95 140 206 99 342 183 61 230 685 968 400 113 355 269 78 257 602 913 965 119 395 500 341 111 670 676 747 961 335 317 951 137 63 121 928 157 160 575 206 77 123 443 325 972 847 56 425 134 234 14 86 689 9 533 358 697 353 867 218 674 561 403 287 54 175 991 705 922 992 817 550 990 114 185 873 820 946 110 215 23 144 416 786 687 523 805 793 726 124 222 374 248 574 101 544 272 844 763 122 886 139 671 682 394 270 783 652 556 572 593 227 23 359 151 458 93 95 137 897 962 953 640 554 799 464 849 777 259 91 155 354 598 458 125 941 692 576 177 661 76 934 782 208 236 647 832 35 743 31 757 985 437 541 829 686 181 161 973 579 268 935 939 343 882 616 937 832 247 979 10 753 527 707 831 137 611 732 73 164 454 700 672 183 445 261 740 964 334 508 758 703 748 921 680 332 501 779 294 862 370 750 88 9 475 694 332 110 804 849 104 11 87 120 37 688 163 665 177 749 92 304 644 716 516 309 178 767 943 465 573 223 450 673 645 30 792 588 609 23 146 98 106 58 420 646 928 774 657 26 282 860 407 911 148 82 816 840 742 220 667 667 612 596 449 694 969 471 40 313 558 99 890 270 741 64 549 968 603 497 654 475 119 109 199 908 608 244 675 280 329 590 927 395 835 613 161 138 159 488 90 607 278 105 477 699 867 954 152 598 880 625 81 623 189 232 479 271 681 276 216 938 107 688 825 552 807 760 434 1 812 158 534 844 557 457 347 27 713 986 419 262 617 815 553 560 871 34 80 986 242 621 466 688 781 700 690 38 337 942 494 545 92 600 575 818 554 17 506 517 415 745 243 266 467 396 529 364 220 790 448 204 71 593 243 293 668 343 309 444 458 270 994 379 771 485 722 429 803 881 922 650 249 60 535 729 323 833 484 43 702 366 901 241 738 688 993 191 89 874 489 621 813 25 770 837 90 377 498 586 570 214 1000 683 133 339 504 531 513 213 756 483 955 50 631 127 502 59 639 262 802 460 293 18 21 539 279 915 736 706 277 984 559 804 924 439 51 509 507 632 196 418 401 814 676 66 201 39 826 233 548 399 618 690 763 949 145 436 118 236 762 710 700 398 115 870 99 126 996 73 642 826 785 655 568 661 677 827 388 794 423 392 211 636 401 819 358 995 911 486 724 989 632 894 458 737 984 188 569 855 852 91 984 194 400 357 883 372 256 605 842 81 150 841 574 638 252 70 91 148 511 879 914 229 791 328 904 951 724 658 895 387 942 527 174 136 227 476 622 711 301 848 161 383 412 184 253 490 584 998 905 300 107 872 261 431 69 19 660 552 699 306 200 892 537 931 597 74 832 98 26 330 864 769 952 85 974 290 98 505 781 283 776 289 62 604 544 610 143 907 751 744 868 473 116 417 700 474 971 856 81 540 303 53 389 681 142 797 786 551 916 433 619 754 894 46 366 142 631 340 432 12 499 331 24 791 450 838 33 940 356 470 918 123 57 202 822 48 292 295 276 811 592 275 696 894 10 546 384 378 381 728 704 668 426 119 891 250 691
10
2 5 10 8 2 7 2 5 2 1
571
277 280 134 429 359 361 452 252 428 123 516 478 194 273 420 307 473 352 263 346 50 285 377 32 268 237 186 313 347 15 396 167 29 530 142 89 266 48 354 174 111 456 231 469 213 242 59 517 561 139 293 99 93 214 505 52 382 540 47 467 387 137 155 221 181 70 482 154 91 198 353 565 411 559 188 61 166 228 17 224 20 276 281 563 86 85 373 56 192 259 324 321 436 53 12 147 124 144 465 356 79 438 211 468 100 270 101 132 521 349 229 338 67 498 68 253 451 560 136 571 288 151 433 274 535 455 218 413 41 121 399 177 264 200 9 209 258 203 500 282 495 304 236 23 197 365 566 328 319 320 442 284 11 112 251 145 462 491 287 246 499 14 109 322 215 475 40 454 272 169 431 295 555 187 439 222 207 331 570 243 406 351 247 205 316 311 102 239 69 450 283 34 449 392 256 416 533 66 384 3 133 494 103 526 302 389 223 479 339 1 532 374 249 364 362 554 24 522 381 483 386 114 64 57 78 393 551 63 330 36 493 481 552 165 314 143 279 125 75 457 220 43 511 62 30 51 96 190 233 241 118 348 305 248 437 120 300 427 401 370 355 115 385 22 315 38 235 371 488 430 180 170 149 447 255 153 408 510 341 74 417 378 376 202 557 360 4 471 298 432 375 309 329 367 400 512 294 419 168 141 490 327 13 547 407 185 368 434 292 172 443 546 317 92 157 383 138 73 379 568 513 98 562 484 126 212 372 520 158 542 10 152 306 409 366 453 183 291 412 509 150 162 523 525 326 485 156 227 110 515 261 199 423 464 182 492 441 81 340 524 6 131 257 390 184 541 219 105 128 204 486 135 148 369 528 191 496 201 397 26 160 60 487 87 19 108 474 178 164 146 254 489 97 334 501 405 342 245 234 117 217 418 28 58 463 65 116 127 519 265 72 21 558 323 548 189 179 208 458 104 318 506 404 476 107 37 460 54 159 232 414 195 549 7 350 391 163 90 286 398 514 46 31 84 394 345 216 226 193 94 477 308 424 335 395 83 422 289 2 244 518 410 27 550 88 238 39 440 210 303 130 106 461 553 77 336 310 95 539 531 472 113 333 196 225 25 250 269 502 301 297 16 122 337 363 49 380 176 161 545 325 470 278 435 55 33 527 466 544 503 140 8 267 534 504 82 426 425 344 18 275 173 421 175 445 290 403 262 537 230 299 507 564 357 508 569 45 556 402 71 480 129 76 5 119 312 543 415 388 80 296 240 35 448 44 260 271 446 459 358 206 529 444 567 536 332 171 497 343 42 538
10
6 1 1 1 1 1 1 1 1 6
10
5 6 2 9 2 1 10 7 6 3
160
111 49 107 100 1 138 102 141 62 25 125 145 29 50 33 75 72 90 64 30 11 120 150 53 78 137 10 92 35 91 83 59 153 32 56 149 126 12 105 127 115 20 23 151 122 99 71 129 128 45 60 41 68 42 139 67 101 99 81 89 79 40 77 158 4 24 58 148 87 114 34 112 19 7 9 39 61 26 147 6 74 84 44 16 38 48 31 109 113 135 82 160 119 30 146 152 144 54 14 110 22 8 96 29 136 13 108 116 132 38 124 3 154 51 21 27 85 97 65 66 88 134 133 80 98 2 43 28 55 75 63 140 15 142 47 72 73 86 121 18 1 95 157 155 37 103 36 118 143 70 123 69 106 52 93 143 76 131 32 57
873
476 58 869 398 407 855 436 769 486 162 473 658 317 556 802 811 745 674 295 26 306 288 393 766 376 791 616 228 421 822 263 755 467 836 451 626 536 439 791 409 524 75 180 462 137 577 68 743 717 483 109 89 125 235 188 585 258 417 831 502 248 648 489 865 825 741 630 678 299 854 343 514 481 412 790 241 591 779 541 493 525 582 333 44 64 390 274 69 451 260 814 78 60 172 804 309 760 850 254 265 815 264 730 145 152 864 20 187 650 492 222 326 426 79 813 381 282 194 773 697 271 675 428 61 595 513 858 799 733 403 642 512 575 225 332 729 190 244 161 735 705 861 420 855 327 859 770 242 18 690 374 686 569 167 873 544 114 723 834 304 105 319 342 406 547 175 546 357 644 92 820 77 395 40 126 281 256 863 768 82 230 803 362 731 227 101 708 623 88 516 633 526 552 76 357 385 597 692 55 828 401 640 331 239 9 232 119 171 841 47 290 691 618 300 177 721 448 534 594 738 852 189 829 386 694 250 405 682 767 542 684 133 583 737 541 563 465 437 87 42 799 90 661 221 336 549 687 821 517 117 484 329 590 460 325 313 277 340 494 442 454 202 298 199 310 506 98 203 110 347 603 832 480 95 51 608 722 31 824 241 588 27 532 565 392 434 219 765 724 676 36 868 356 456 105 307 352 396 287 257 624 732 607 216 599 323 848 515 25 172 135 698 789 70 39 252 710 530 185 112 695 771 113 758 807 750 712 146 749 668 551 136 761 205 457 872 74 365 305 510 817 296 537 763 302 762 240 543 500 13 116 191 144 586 397 217 433 124 464 379 683 338 523 59 801 315 60 183 157 192 720 657 353 833 99 358 612 816 96 279 243 734 141 800 182 776 625 408 262 772 677 371 372 477 632 707 453 527 184 345 787 259 496 558 128 497 788 293 667 669 567 210 564 438 846 812 533 839 52 399 346 19 748 94 197 294 416 316 1 103 699 382 715 637 81 739 120 656 717 100 131 48 45 851 786 311 218 631 679 718 693 609 501 411 107 671 200 245 89 3 794 522 601 278 181 670 289 102 251 744 806 498 726 538 387 156 759 418 655 429 115 672 168 49 204 413 706 472 369 314 38 488 354 479 653 605 528 196 660 347 620 561 702 826 628 283 596 284 574 432 830 7 206 275 614 78 703 777 540 335 378 272 226 367 21 853 63 341 785 716 140 410 643 805 504 793 856 106 756 158 601 646 350 507 41 17 622 681 469 366 555 700 478 220 471 186 857 276 384 611 215 389 337 424 2 520 57 468 509 150 441 606 255 431 491 600 122 193 297 32 578 291 727 545 231 211 604 531 212 850 713 224 784 445 688 169 86 160 123 198 8 364 639 645 370 22 50 539 388 419 654 518 711 751 285 652 466 344 753 867 649 553 598 229 871 237 138 572 425 39 402 709 414 521 234 461 164 840 85 142 835 560 400 778 324 267 430 213 43 233 363 587 53 268 349 312 16 10 781 127 849 593 557 495 351 322 566 348 796 149 24 35 328 474 108 4 373 696 435 455 155 77 368 214 143 266 118 12 165 23 795 635 592 870 798 634 152 303 554 845 54 636 685 380 361 490 581 740 147 104 440 443 404 808 176 570 812 111 238 223 444 280 46 427 449 869 757 482 29 208 423 426 571 375 178 339 253 775 113 151 673 610 292 269 809 72 71 810 511 508 174 377 201 573 383 207 535 6 782 65 615 33 485 579 838 619 415 5 355 56 334 638 659 617 170 236 503 91 148 866 647 270 463 689 844 93 847 862 475 458 286 837 121 132 779 505 627 747 159 584 704 433 209 130 860 270 247 719 665 742 589 83 62 783 780 797 529 34 548 613 680 447 774 662 153 139 842 754 37 67 134 576 701 308 823 562 450 30 391 714 15 195 28 736 394 487 752 166 550 98 73 459 11 728 683 843 66 321 580 422 179 502 641 827 246 725 519 330 481 559 792 359 666
200
154 1 99 73 71 21 115 71 45 75 140 101 43 76 169 136 115 111 178 12 49 160 35 145 80 146 130 15 159 13 182 47 58 155 41 123 64 103 62 34 173 83 40 177 129 26 110 187 59 190 106 89 14 175 181 66 92 23 186 178 14 48 4 30 137 42 78 74 113 138 172 28 10 115 22 176 20 32 169 17 16 4 121 196 20 185 161 105 147 183 44 31 117 194 178 93 148 157 55 171 53 18 101 151 7 128 46 8 49 69 88 123 180 124 138 174 46 103 153 63 81 120 137 52 134 132 183 67 139 25 100 167 85 109 170 142 9 152 153 122 144 72 44 127 47 135 104 125 1 98 130 192 184 64 84 157 87 29 131 97 143 85 158 141 57 60 86 85 133 11 2 96 126 156 42 102 70 50 84 57 114 60 71 116 36 55 141 86 33 189 145 163 136 189 54 66 137 148 130 170
50
30 35 48 19 12 18 33 19 5 41 3 34 14 16 40 44 9 39 7 6 1 46 24 1 37 14 50 25 32 49 21 11 42 32 6 2 45 37 15 47 43 22 31 28 13 27 2 9 10 19
128
31 11 115 102 104 1 111 82 125 16 124 123 108 7 41 65 123 64 29 27 17 122 105 2 115 47 13 63 9 6 94 96 12 93 46 16 74 103 113 101 47 64 127 53 124 121 89 67 55 103 7 14 97 83 11 92 79 114 4 91 18 31 104 13 77 98 19 104 56 84 1 28 120 37 118 82 120 64 73 72 90 8 121 22 95 55 114 53 31 40 43 123 55 15 24 14 34 29 79 40 121 4 17 63 4 124 26 40 14 109 72 31 72 102 53 66 118 67 33 38 20 57 10 11 3 73 101 78
100
77 100 95 88 71 67 31 100 12 76 81 50 80 11 36 56 77 66 11 22 91 100 48 96 35 1 76 34 83 31 92 87 37 69 94 50 87 69 11 45 83 29 3 91 24 54 27 81 46 36 2 70 13 46 78 64 11 95 76 55 85 97 65 16 63 87 78 53 97 76 47 92 17 7 11 27 50 29 80 85 11 41 29 30 80 31 96 65 84 25 63 72 72 51 58 87 69 59 81 2
320
23 285 63 138 10 129 305 135 209 6 212 241 231 185 247 95 142 62 170 126 122 287 15 81 129 295 12 223 209 133 275 266 272 276 254 108 178 47 147 93 268 217 160 116 286 113 261 249 81 42 208 213 79 292 180 62 260 56 230 55 105 281 278 66 260 232 51 199 221 294 115 118 166 140 237 310 40 202 20 195 172 41 13 106 36 303 205 1 49 318 317 49 160 11 309 58 121 117 84 177 194 132 262 305 205 73 54 207 35 289 287 98 90 150 282 45 60 193 244 122 15 75 157 57 290 264 48 103 225 31 78 313 136 235 130 7 260 168 99 127 268 231 302 259 44 14 17 310 254 39 220 3 266 195 240 27 183 68 258 269 27 115 138 20 284 255 188 176 123 196 181 44 209 264 215 300 160 189 228 245 96 7 105 67 110 77 239 291 277 239 88 49 279 167 138 144 143 186 32 281 229 95 213 260 293 111 141 181 304 93 100 274 59 121 76 148 114 30 223 113 102 5 54 187 238 37 69 9 311 2 64 198 250 97 14 288 253 175 170 117 271 85 28 119 125 73 131 242 94 251 139 89 51 263 27 43 174 221 80 306 219 32 101 312 31 155 113 34 42 183 86 179 272 5 127 197 272 165 162 250 118 21 12 91 260 191 255 82 149 164 218 248 224 297 294 224 267 208 308 123 82 47 201 52 308 226 3 14 192 130 233 158 152 93 82 56 70 221 31 311
51
17 37 4 18 1 13 36 5 8 34 31 27 10 46 19 21 12 44 9 45 42 43 34 30 41 2 50 37 7 3 33 20 49 23 11 51 22 15 48 23 14 39 28 6 22 29 35 32 26 38 40
10
9 5 10 1 2 3 10 9 7 9
100
79 23 15 76 18 62 85 53 89 64 17 21 14 13 3 34 11 5 54 94 12 26 2 46 44 22 67 42 98 48 63 55 96 16 65 72 49 52 92 73 59 28 83 25 77 24 87 30 37 61 80 38 8 19 32 69 81 70 41 90 50 6 31 10 35 84 27 88 56 58 91 36 40 82 97 4 45 93 1 51 57 74 43 66 7 100 47 68 9 60 71 39 78 20 99 33 75 29 95 86
20
7 17 12 7 6 20 2 5 6 19 14 20 3 20 18 3 13 5 15 14
1000
575 361 672 541 343 603 738 476 396 909 265 119 146 996 100 115 122 786 179 230 597 541 169 428 830 973 574 79 705 783 895 212 58 89 582 113 720 14 723 97 827 971 228 646 43 715 249 692 47 463 254 552 755 262 513 360 545 72 660 478 742 737 109 150 705 891 709 229 189 305 24 866 913 867 922 635 628 927 637 308 355 662 430 573 616 220 82 639 974 429 600 294 833 586 542 694 46 464 576 581 649 515 276 882 984 325 309 489 627 338 859 664 6 576 889 815 916 403 78 475 552 145 499 151 12 881 419 855 161 335 949 169 70 841 134 151 684 156 826 677 204 233 836 744 683 612 915 499 461 94 845 211 310 164 698 793 284 37 968 593 116 299 599 286 186 485 264 681 653 450 313 650 163 330 528 727 532 936 77 101 50 873 811 35 370 911 821 616 414 541 7 685 765 955 216 178 255 606 106 615 813 180 601 445 155 967 15 266 544 602 300 763 128 185 151 353 304 9 490 561 278 172 159 181 857 162 72 193 231 516 792 207 212 614 682 101 140 148 607 375 540 125 281 454 525 474 946 350 122 23 48 420 972 52 768 258 604 926 112 11 352 206 51 965 385 767 3 284 366 209 11 390 941 244 259 424 901 416 689 341 53 328 512 796 711 493 939 769 106 241 916 567 623 81 718 40 496 883 505 197 676 168 411 670 508 916 203 196 237 960 693 912 47 444 415 520 203 944 293 255 663 947 831 39 226 599 462 558 348 804 327 789 892 27 347 672 411 253 777 439 986 237 57 414 674 624 952 500 959 408 426 517 399 129 571 438 422 319 335 696 376 314 962 181 834 654 295 479 808 850 477 301 261 632 59 173 75 20 88 887 744 920 739 980 875 770 346 236 120 365 617 797 466 706 753 557 13 466 569 130 34 538 260 876 943 531 214 208 697 19 999 719 754 945 292 825 343 447 863 432 177 781 104 655 877 619 198 800 907 280 334 165 515 527 35 491 912 31 80 52 801 93 192 840 730 629 367 869 885 215 498 401 539 780 920 934 498 41 43 118 380 548 578 956 688 473 741 44 456 620 318 507 68 55 16 98 933 816 671 91 170 890 814 153 904 638 928 82 303 566 421 969 862 608 778 824 724 961 243 970 898 774 345 199 504 531 404 843 458 378 497 30 982 923 828 419 997 835 925 772 558 87 340 818 563 483 790 239 976 518 372 605 798 282 728 760 470 431 109 991 954 391 483 640 150 771 147 103 315 256 985 316 817 4 676 785 788 187 305 83 339 457 877 902 154 484 113 328 614 905 270 793 174 126 459 757 713 351 578 761 269 99 682 471 406 995 509 523 213 778 938 160 446 141 519 1 713 514 387 279 205 720 549 441 323 235 847 95 134 374 427 651 805 62 108 987 67 598 364 358 736 363 656 361 275 542 641 714 524 813 962 48 159 302 556 157 469 69 218 294 547 41 846 118 339 306 752 775 42 149 377 97 369 844 751 449 452 56 651 142 657 362 166 921 846 149 252 253 54 438 8 750 421 154 694 143 739 536 24 90 105 784 691 535 661 892 725 156 865 379 171 675 302 989 97 110 107 546 913 869 102 120 701 787 584 992 590 430 494 534 764 79 594 500 888 259 106 512 896 412 907 889 633 550 250 8 990 407 25 864 827 98 968 511 345 766 195 33 409 13 906 998 636 621 874 771 893 126 528 958 894 202 745 981 919 513 288 725 551 543 667 338 983 852 596 957 648 25 184 819 307 263 459 904 248 357 395 703 287 564 392 704 418 747 257 38 749 379 246 182 988 817 467 242 310 848 529 262 614 711 76 826 743 929 324 213 283 687 413 550 899 421 891 277 842 853 393 455 451 480 917 514 748 468 70 686 183 707 61 152 436 430 176 806 638 585 200 622 743 868 573 507 221 932 492 712 782 1000 185 684 617 940 829 901 272 175 829 321 191 219 274 735 879 577 910 859 838 488 809 63 884 858 598 220 644 129 264 148 510 497 402 931 634 210 620 465 487 570 10 442 423 349 611 462 273 871 567 400 587 936 678 918 246 963 296 886 18 993 389 820 761 448 794 411 870 297 710 861 238 160 759 740 434 960 705 734 913 172 135 672 935 15 144 643 630 523 890 386 669 679 217 273 392 595 530 501 564 589 560 616 218 946 727 290 977 368 477 394 26 860 591 194 872 332 791 378 779 613 481 410 647 658 802 685 165 776 867 350 648 76 437 964 375 298 275 131 373 245 610 937 554 267 820 640 5 90 85 60 837 839
200
38 186 73 164 139 49 193 198 43 66 56 113 68 69 165 10 162 100 170 97 117 51 135 181 34 11 25 43 189 19 56 149 85 12 29 21 93 187 59 47 88 69 200 8 31 16 112 54 41 78 39 94 95 79 16 152 119 190 4 112 21 37 55 174 53 148 188 188 151 80 162 166 116 90 158 189 42 143 136 148 175 48 27 69 197 60 165 80 8 54 40 26 36 95 146 142 102 38 144 12 166 108 115 193 110 171 5 106 179 86 16 66 100 34 85 41 116 149 89 9 88 170 146 147 192 182 7 35 150 101 128 6 71 73 35 169 166 156 68 69 165 19 154 146 142 189 111 116 84 142 27 131 162 176 122 131 185 29 47 140 84 155 19 59 181 163 83 148 44 144 185 84 86 71 146 131 139 118 77 190 146 189 187 114 134 14 17 53 181 103 21 40 157 87 87 36 52 18 185 24
871
579 582 424 573 852 129 813 658 713 562 847 504 706 461 849 578 739 636 555 42 624 730 701 641 287 353 734 629 306 642 170 639 410 649 49 685 791 725 422 697 447 332 570 97 432 621 561 227 647 21 474 723 57 669 534 510 552 690 360 295 125 189 31 750 650 514 246 200 5 523 544 496 446 483 612 46 374 124 294 171 440 856 718 646 214 709 508 69 44 584 66 143 298 81 687 333 325 465 767 842 280 187 104 805 682 154 476 776 668 500 632 692 614 77 542 203 643 228 111 654 98 691 444 339 785 596 371 677 99 103 386 656 406 442 389 780 202 747 113 635 84 300 354 96 56 119 145 152 155 138 459 270 205 224 318 525 675 33 243 293 423 448 23 672 216 539 215 173 10 513 821 522 599 638 689 671 766 271 370 409 16 326 418 758 515 568 238 313 499 678 323 393 311 505 402 831 866 484 670 598 190 454 804 2 184 408 283 673 863 606 290 754 662 464 358 497 640 92 213 329 559 845 284 851 694 869 12 533 428 572 785 121 554 607 365 556 39 429 455 783 150 536 738 401 543 232 720 411 193 88 225 125 415 87 563 664 576 796 273 102 85 126 436 472 274 254 186 197 347 811 633 122 765 858 285 54 802 732 45 70 363 755 130 265 58 511 696 773 3 128 233 833 634 772 856 705 83 823 537 77 349 868 368 320 437 608 600 486 134 175 457 824 41 356 74 165 307 201 161 817 463 746 40 236 710 569 257 59 581 774 426 177 435 631 114 779 471 373 825 338 808 481 301 255 604 366 509 487 495 719 395 149 535 439 681 390 816 546 264 141 123 196 794 260 135 800 37 567 627 757 742 14 469 419 275 762 414 493 491 615 91 176 82 530 466 436 660 450 364 192 703 262 394 834 733 861 131 477 790 351 327 109 707 815 475 616 26 11 335 376 529 267 452 346 571 622 385 473 793 324 708 651 156 825 328 763 470 518 405 242 490 430 78 361 20 263 797 396 542 489 378 521 637 583 172 693 206 317 843 387 321 460 344 336 648 760 322 462 618 812 666 120 828 550 153 63 268 558 528 667 519 72 382 89 553 314 163 822 24 53 575 792 367 144 132 444 674 55 748 252 32 194 209 28 494 538 516 90 764 188 777 263 222 503 230 524 379 726 735 438 208 771 752 864 342 574 613 532 384 151 597 217 781 551 848 620 159 377 19 199 204 577 249 191 857 399 565 101 827 256 107 794 248 281 76 593 73 241 806 721 712 247 557 223 810 807 538 218 603 830 587 724 431 220 408 588 397 560 343 853 68 400 229 30 814 117 316 304 391 517 628 844 183 296 237 661 686 350 226 610 502 345 269 433 837 292 729 855 279 580 859 652 686 778 541 8 62 51 470 659 348 398 179 52 819 334 540 158 745 47 838 315 749 18 421 434 94 7 740 611 118 679 865 456 34 655 801 870 716 820 4 303 478 840 79 644 548 583 711 297 623 312 355 818 157 339 482 413 319 42 427 741 715 506 453 340 605 449 728 17 786 425 61 35 545 71 142 381 234 657 871 759 619 310 64 464 352 630 717 308 480 699 276 136 822 501 663 93 168 127 443 240 549 219 688 589 245 445 282 789 799 221 6 139 369 609 288 253 211 695 106 185 251 110 302 595 547 403 756 219 43 108 244 289 407 36 137 702 359 9 167 566 27 147 210 860 101 507 527 526 278 25 743 782 867 769 485 169 75 787 383 829 617 213 331 531 788 751 133 601 105 259 65 835 305 299 15 585 164 286 235 67 458 48 512 375 676 626 775 95 341 731 180 29 836 565 468 744 826 266 80 700 178 388 591 441 722 653 392 198 100 625 586 22 698 148 337 195 680 60 665 133 832 261 594 160 357 38 277 683 590 146 467 427 704 451 207 854 592 115 498 850 846 20 166 839 768 770 380 753 736 420 374 602 239 761 330 162 231 272 309 404 258 82 291 1 116 174 479 86 564
873
752 126 308 288 343 716 781 812 432 701 685 607 611 387 458 443 816 371 151 473 225 258 848 143 24 480 551 374 501 720 396 737 216 279 264 337 809 91 206 621 76 517 169 856 622 835 405 168 7 392 555 380 648 504 609 791 51 322 690 634 248 729 377 228 315 583 386 82 482 46 463 738 492 699 148 489 717 421 132 208 612 228 379 195 80 850 359 461 155 456 253 532 710 744 813 2 819 790 199 644 369 235 773 637 448 281 546 152 204 265 673 66 479 111 742 103 789 133 829 409 210 728 113 193 566 376 859 10 344 652 347 592 496 333 350 242 363 389 218 370 259 796 568 17 854 412 779 352 653 136 707 114 697 14 636 385 578 26 866 860 427 861 250 436 454 587 165 687 138 188 827 349 772 434 319 450 189 68 678 130 745 481 545 846 335 315 203 368 142 784 619 334 382 845 682 61 667 340 435 88 35 181 865 771 689 402 69 734 67 93 238 510 563 575 118 664 820 232 708 131 141 416 671 478 309 829 15 783 274 263 675 446 793 862 52 239 255 33 844 139 201 166 355 428 624 777 585 825 488 467 590 327 780 605 520 360 693 297 303 316 567 44 48 83 433 4 672 157 751 529 198 826 310 217 539 271 872 569 748 694 761 135 834 755 269 278 785 490 424 301 350 298 526 63 556 50 90 397 540 186 300 430 548 295 696 591 328 9 372 579 112 758 613 840 608 670 156 631 299 213 730 572 125 401 868 466 562 656 399 719 246 803 324 191 172 733 106 438 521 97 381 525 162 518 65 78 38 249 226 340 491 577 243 723 524 27 261 739 231 547 683 367 469 709 153 8 118 509 244 477 459 190 852 746 37 665 499 16 581 62 275 64 617 175 121 67 21 92 776 498 804 180 280 3 140 593 171 706 101 778 34 725 756 702 183 763 53 39 533 851 40 361 270 85 282 98 831 828 680 150 560 47 314 230 549 146 245 290 22 257 598 342 688 283 441 544 849 847 464 439 87 668 323 679 666 406 453 116 617 747 426 356 277 320 211 99 460 841 655 28 145 262 105 229 144 284 49 497 273 674 307 542 843 762 603 423 149 36 550 160 19 523 237 808 185 574 440 475 117 600 414 391 413 415 684 553 317 823 268 595 531 247 122 86 654 133 260 749 734 502 74 802 558 358 576 505 770 506 117 817 486 312 660 95 632 552 815 41 564 404 537 630 705 18 407 388 186 202 821 731 447 774 109 494 642 29 639 241 326 96 375 6 128 32 353 159 870 712 722 167 374 161 721 321 522 628 266 472 400 194 137 55 786 484 120 124 292 170 724 589 56 698 649 471 704 164 659 584 788 693 425 205 512 408 341 507 42 233 75 346 197 508 658 451 158 641 252 594 662 625 348 395 810 615 740 351 131 530 222 378 212 798 79 431 818 627 119 339 442 616 596 726 196 73 842 154 386 686 444 741 272 513 285 753 536 330 354 104 759 293 711 487 767 28 857 783 177 287 764 489 20 364 291 511 419 71 703 417 811 554 633 449 787 514 832 452 384 559 661 799 580 720 318 651 606 571 383 657 538 495 476 107 259 373 236 59 23 457 336 209 418 515 178 754 173 221 864 534 465 89 765 692 557 45 830 1 607 836 192 318 110 70 535 863 81 713 100 13 561 187 58 329 718 572 306 873 620 650 115 485 599 797 614 214 814 807 626 588 866 565 313 582 527 129 604 839 305 72 519 869 332 331 123 586 54 543 732 25 366 516 736 127 102 289 219 727 794 710 365 643 345 437 240 5 276 411 695 717 766 184 393 254 493 618 681 234 207 645 601 200 500 757 782 147 640 669 541 84 163 801 462 294 597 220 30 714 398 362 394 12 338 677 357 455 325 635 528 824 165 215 470 77 715 822 302 610 403 223 623 760 43 251 663 93 134 304 267 602 853 646 174 179 700 31 792 647 468 296 833 311 108 743 286 11 795 690 769 176 483 256 800 750 629
996
407 676 604 915 642 484 435 576 589 574 384 951 583 344 292 755 566 126 301 692 444 936 24 868 898 410 977 322 49 299 147 225 526 443 701 464 121 548 89 106 719 278 547 874 457 450 883 531 755 15 685 199 766 673 586 721 580 102 855 615 976 689 660 211 533 398 86 297 845 915 54 517 62 866 281 686 686 482 770 405 285 942 432 263 435 330 654 130 324 989 256 423 391 710 372 690 52 868 402 358 158 352 478 984 287 510 211 839 228 625 895 972 965 163 559 696 532 629 347 497 38 826 810 620 754 896 888 645 358 166 151 992 452 180 368 759 912 695 184 227 649 412 107 340 854 980 787 82 129 967 386 99 104 570 311 168 892 231 286 458 359 706 361 877 436 161 342 572 389 948 882 149 393 22 610 41 912 938 630 121 122 706 69 728 761 111 535 212 678 783 373 77 474 671 453 50 665 961 763 808 187 716 778 15 160 154 464 636 30 415 461 40 483 305 561 592 379 925 977 546 360 528 722 846 8 758 731 593 102 522 80 37 20 451 763 172 81 659 112 856 387 280 191 129 733 453 130 551 476 667 296 947 923 689 771 732 623 438 55 520 635 781 483 272 150 534 410 752 26 519 921 371 157 886 194 656 565 460 490 63 495 349 118 154 927 928 669 507 938 500 494 858 100 811 134 675 796 170 647 296 544 860 329 322 523 276 672 96 971 952 986 266 884 730 502 149 484 201 14 229 274 449 971 133 76 407 977 167 208 598 185 891 607 734 141 300 257 960 869 650 87 167 657 829 883 691 614 356 234 44 938 2 660 536 786 221 169 129 788 55 720 261 662 512 578 171 936 573 116 424 455 306 919 759 742 642 14 114 496 118 235 556 985 894 303 488 849 713 403 128 524 431 321 871 92 825 870 840 804 135 439 640 389 416 652 552 899 740 229 828 499 987 71 306 111 562 271 875 125 571 430 204 148 902 456 941 146 245 780 262 981 832 714 466 59 925 800 801 916 835 87 278 9 756 395 950 295 723 182 124 31 727 658 309 25 202 477 421 773 913 568 738 175 870 382 645 666 65 140 529 27 862 631 929 878 46 483 642 783 212 617 304 471 35 739 417 521 68 428 288 776 441 189 202 806 814 904 835 911 670 703 638 616 907 60 937 995 222 119 214 697 207 437 577 761 691 149 564 486 315 487 623 342 293 514 57 617 606 244 601 10 319 429 318 159 220 462 12 41 587 312 337 390 42 200 334 216 737 602 144 5 108 591 717 93 552 637 277 388 227 930 416 786 249 164 851 183 503 301 718 174 90 32 932 411 30 675 827 413 6 621 315 960 323 91 994 404 854 850 972 581 609 60 784 11 318 562 330 101 992 134 75 313 555 643 528 842 34 838 803 120 971 284 270 683 778 759 737 605 929 581 534 522 163 103 925 436 765 975 345 569 332 43 346 176 53 905 466 667 541 633 5 275 353 466 835 469 950 805 459 472 795 446 427 190 772 94 468 392 897 906 761 908 223 553 182 688 141 26 964 328 619 378 538 940 955 256 401 932 957 466 736 394 113 861 193 543 608 354 150 621 641 768 545 935 326 532 213 197 645 968 299 863 524 333 454 952 618 988 173 442 475 504 917 350 769 750 252 7 715 128 771 909 149 953 702 155 830 940 258 268 802 661 597 403 563 548 880 830 594 131 867 536 550 881 454 253 542 4 363 725 160 239 983 606 136 228 630 47 409 515 448 235 145 774 16 655 960 600 290 130 588 979 558 470 327 819 841 279 396 969 189 48 488 846 793 831 515 900 953 262 599 224 211 420 926 656 35 920 584 398 226 745 264 153 248 762 740 79 208 124 399 472 996 314 648 879 819 487 889 355 720 920 915 339 649 554 120 735 767 83 424 505 613 342 142 474 33 748 357 489 137 365 609 776 230 558 970 98 473 21 523 416 86 836 884 382 742 147 37 97 445 178 123 709 487 11 98 115 320 959 606 14 308 943 161 598 567 687 113 749 369 345 521 105 138 561 18 282 734 865 362 36 915 685 240 816 583 235 235 811 794 559 501 218 973 400 139 943 932 885 508 579 628 894 61 834 196 775 905 751 713 447 492 23 383 462 217 474 84 730 744 688 368 273 807 286 419 982 634 513 820 944 674 747 537 813 582 298 156 694 39 242 563 453 260 817 28 364 237 637 266 735 853 779 686 343 348 152 792 309 699 952 796 325 250 327 299 848 818 241 941 433 625 233 509 757 708 812 510 812 485 91 575 493 494
20
13 20 2 6 9 16 8 7 5 2 19 18 14 13 1 12 12 3 10 18
10
2 8 10 8 9 1 5 7 7 2
400
153 321 376 353 167 373 27 269 131 69 141 306 190 235 278 254 67 49 313 48 212 237 71 164 201 96 98 87 399 226 186 329 120 382 183 335 268 366 72 142 33 217 296 276 256 181 101 128 140 58 28 383 125 130 378 171 377 170 45 298 15 277 352 20 391 60 359 207 102 78 355 284 50 292 26 187 312 145 151 318 381 146 66 14 317 365 344 16 47 79 358 4 36 250 154 123 137 257 375 394 41 122 244 341 287 38 161 179 233 308 255 274 103 334 63 361 342 262 152 273 368 166 397 314 229 231 175 326 83 155 147 304 224 150 139 343 347 17 260 386 251 243 37 194 286 220 8 349 158 3 294 88 105 12 68 240 195 129 385 22 52 357 398 215 387 267 23 163 338 331 104 90 236 299 114 30 200 364 227 188 297 282 92 348 242 218 300 396 106 132 280 339 111 184 307 228 222 39 223 289 180 261 210 337 51 113 246 324 116 81 374 388 293 73 360 24 168 281 380 35 232 205 160 62 239 263 265 43 259 74 264 143 302 305 214 395 285 110 333 209 253 328 174 172 84 389 162 197 301 384 192 283 311 19 371 89 156 148 345 370 7 99 2 336 5 97 216 70 234 1 320 310 178 193 270 206 61 275 272 44 13 219 400 266 109 25 208 34 390 157 115 57 40 6 21 32 203 144 241 124 369 64 9 176 18 327 55 316 91 95 177 392 133 121 230 136 134 393 86 225 279 135 65 315 29 118 319 323 100 80 126 159 332 77 10 340 196 76 291 182 362 191 295 107 165 202 189 346 54 119 112 238 204 330 188 221 82 351 303 127 198 46 248 138 245 356 290 258 85 53 271 169 367 363 288 372 31 252 56 322 94 211 42 180 213 185 247 173 354 93 379 350 11 249 149 325 117 108 75 309
50
20 36 22 34 44 42 19 25 43 9 9 14 20 38 19 36 15 42 5 1 30 19 33 1 44 27 4 36 43 48 45 48 2 33 13 47 28 1 2 50 18 33 26 36 18 39 2 29 28 1
50
42 1 26 17 24 32 43 19 27 2 15 47 9 12 34 9 45 38 23 10 33 45 17 7 28 17 6 7 7 50 25 13 9 37 42 32 36 18 45 9 14 34 10 6 41 11 17 12 32 3
20
20 5 16 16 8 14 20 13 16 7 18 7 6 20 18 4 5 1 12 16
100
19 13 48 53 6 51 69 35 85 71 47 61 49 70 30 58 87 79 66 86 57 100 21 12 22 68 62 8 54 37 92 2 99 89 45 3 72 42 26 31 36 81 98 90 9 4 25 27 44 33 10 64 52 84 43 40 78 63 23 41 73 82 96 34 18 32 94 97 55 29 83 38 74 65 77 11 1 24 76 15 56 20 17 16 46 91 39 75 60 67 80 95 94 93 7 50 88 59 28 5
20
12 13 20 6 20 5 13 13 16 16 13 1 19 11 10 1 19 8 13 11
50
30 37 20 11 24 30 5 28 38 43 12 41 36 27 3 8 23 29 21 2 50 43 17 5 45 11 14 16 18 6 34 46 47 49 36 35 2 24 17 42 12 13 10 31 1 23 50 49 48 47
20
14 6 16 8 12 1 19 15 15 20 6 1 7 13 6 6 18 20 6 9
51
14 48 38 11 15 25 29 15 39 46 4 24 32 10 48 47 8 17 41 49 3 28 4 34 22 44 18 7 51 19 40 9 16 2 11 35 12 36 27 23 31 37 20 42 43 21 30 50 6 5 45
995
15 472 193 722 946 196 24 297 395 940 191 517 843 642 497 722 123 157 530 634 55 494 673 434 646 457 863 709 550 317 804 438 865 182 506 192 338 239 877 407 26 354 829 900 677 229 333 328 932 714 847 883 773 498 54 920 733 111 7 842 693 256 501 241 495 980 963 560 8 882 872 942 888 339 569 50 669 249 393 101 923 231 335 406 643 274 741 170 28 377 403 952 379 277 933 442 81 666 572 589 203 48 523 320 992 164 209 766 338 750 705 254 61 187 205 186 580 962 757 72 459 880 566 436 654 565 624 614 260 975 413 610 266 681 583 184 174 23 60 163 595 326 656 217 76 915 237 718 68 862 990 501 310 639 744 547 707 995 352 330 984 941 140 862 336 223 762 186 394 784 293 573 824 603 801 581 154 680 100 621 143 401 213 712 870 737 155 894 544 520 185 287 336 310 641 808 924 822 864 625 601 925 281 216 131 266 837 408 977 968 479 559 462 121 465 771 851 176 301 205 544 904 57 678 89 113 917 70 663 633 578 335 884 810 948 812 787 415 907 818 126 873 594 785 637 227 951 503 173 84 894 724 551 568 987 470 298 247 367 197 748 430 582 687 395 327 138 452 681 852 848 964 391 431 701 717 21 257 642 319 396 12 878 683 929 781 304 482 34 386 383 32 224 720 777 490 906 896 852 970 453 875 674 147 762 73 329 45 458 448 620 181 263 522 661 816 325 523 510 461 104 842 860 625 848 142 18 835 826 880 179 44 145 419 894 844 39 139 568 674 179 474 909 62 592 610 96 975 365 117 757 708 791 484 189 938 986 41 6 612 535 412 496 309 52 332 513 708 320 184 404 955 475 148 794 644 56 622 334 696 613 764 356 146 846 667 768 900 153 726 836 636 160 852 879 731 321 619 758 558 638 945 121 884 839 765 779 35 847 858 717 268 754 376 597 965 632 300 696 500 840 569 552 46 350 486 708 241 670 689 832 725 985 228 140 638 863 446 192 702 300 949 856 927 124 159 547 9 561 504 852 189 505 385 727 747 618 460 120 417 541 22 202 642 1 672 258 92 952 531 739 928 567 739 800 652 291 893 637 478 756 598 29 169 866 628 451 158 654 271 705 405 108 750 889 327 799 49 51 917 63 747 915 511 77 891 256 261 480 570 267 823 33 825 833 910 868 534 457 599 608 343 695 682 587 340 82 244 798 19 31 333 144 525 423 553 650 957 440 503 98 360 903 234 326 973 132 133 720 137 944 423 591 454 465 96 883 926 364 167 881 685 314 512 703 410 264 118 116 616 596 43 288 686 922 767 384 465 46 485 375 640 17 109 635 776 526 178 931 221 804 793 989 196 871 577 198 700 185 273 583 158 456 5 34 970 416 864 166 609 724 201 840 887 668 308 643 499 783 81 543 94 151 270 476 545 604 217 961 508 66 660 840 433 430 560 276 436 524 515 698 67 518 130 604 488 969 250 438 164 4 238 421 626 489 930 734 19 128 264 647 510 861 58 235 740 293 418 752 127 49 698 316 527 105 876 252 407 560 699 258 585 552 464 59 918 959 489 342 379 421 841 493 919 341 10 810 655 312 732 79 144 284 497 895 64 368 368 414 761 286 44 317 362 992 405 817 19 477 711 394 232 186 13 615 219 536 649 834 894 315 790 965 792 811 420 936 645 283 694 836 848 549 173 398 165 502 344 961 758 325 2 932 530 880 760 849 943 5 323 296 167 265 392 622 528 86 502 342 721 809 118 114 945 408 80 693 499 839 507 536 956 236 210 372 846 537 323 711 876 957 665 659 684 119 989 141 307 685 429 749 546 28 31 949 447 958 710 593 259 596 199 190 373 139 242 958 403 563 138 504 216 20 290 390 313 621 491 653 77 369 542 813 872 736 949 206 871 646 613 63 285 916 890 974 819 664 271 897 987 607 270 264 922 110 773 250 90 576 347 392 208 437 306 454 353 241 935 529 631 943 627 337 184 371 275 65 908 188 662 649 358 575 141 117 963 768 107 586 163 400 463 675 335 151 713 605 657 38 930 859 165 165 214 354 354 305 913 734 772 196 393 175 361 152 443 381 987 36 972 203 892 774 651 282 509 99 222 914 900 886 954 230 686 901 841 213 115 594 27 136 869 758 172 374 124 75 272 836 33 600 899 987 803 432 161 142 435 357 467 397 437 886 250 733 486 641 184 514 551 103 532 183 519 564 865 154 100 642 212 278 816 107 112 85 200 29 722 226 745 490 450 239 127 349
100
4 11 34 96 44 85 74 83 91 68 99 20 65 92 28 78 8 1 55 36 64 9 18 79 67 48 32 40 63 86 41 52 29 15 53 57 7 47 42 16 98 93 38 6 10 45 82 23 21 49 87 84 24 72 19 30 17 5 75 2 43 90 13 59 62 50 69 76 55 12 60 94 80 89 37 71 39 46 77 56 73 88 66 33 97 70 14 81 25 26 27 22 54 31 61 95 51 100 35 58
53
35 23 15 6 10 49 26 5 33 14 12 17 40 38 27 9 40 8 22 37 13 42 24 21 39 3 19 50 4 52 32 30 42 2 36 35 33 20 51 11 29 16 17 43 36 7 45 34 1 44 47 28 48
200
84 195 105 127 52 29 55 110 154 120 10 56 156 117 81 105 38 192 92 146 34 2 165 36 45 84 137 102 197 139 105 72 59 122 60 160 187 197 120 153 163 184 2 115 126 18 11 50 185 121 45 135 139 38 9 180 11 20 177 159 117 143 55 40 199 40 157 123 180 82 193 70 61 101 141 129 168 7 174 107 160 57 33 164 90 158 1 6 64 147 9 122 117 18 174 163 136 142 112 144 24 163 128 14 40 60 121 145 151 41 160 162 50 57 66 122 150 192 157 91 152 93 165 134 56 115 80 140 92 163 125 155 159 1 169 37 42 102 117 65 119 190 68 199 81 31 124 126 38 127 173 170 140 77 157 161 48 183 129 20 133 95 32 125 66 136 191 63 7 193 50 36 157 173 50 69 101 166 172 105 87 166 196 183 64 80 43 112 198 110 90 58 180 178 193 132 185 176 94 115
1000
480 179 476 451 506 89 563 108 729 5 468 832 315 433 459 145 189 858 324 1000 335 142 569 935 453 691 313 19 416 708 159 896 928 346 566 411 750 322 479 636 784 961 977 95 732 857 527 131 32 792 739 944 820 177 748 245 940 7 546 865 884 259 587 280 153 754 441 90 704 473 465 461 723 788 859 775 520 956 639 165 993 234 304 52 266 803 872 950 830 227 455 71 296 299 340 598 238 772 128 657 583 848 882 761 403 425 929 184 841 185 572 10 505 169 143 402 470 205 705 501 508 394 552 435 31 906 702 218 901 847 712 427 751 889 927 948 670 23 306 409 988 973 696 77 277 358 448 958 202 214 507 336 759 823 710 216 499 235 574 363 780 443 676 543 579 613 910 863 318 963 247 791 514 545 518 656 196 3 779 175 384 638 790 314 101 431 699 125 41 283 146 753 606 554 440 347 475 502 687 166 157 391 883 162 87 512 462 698 74 118 816 170 978 777 693 692 45 492 348 457 886 730 682 528 482 633 504 918 261 561 976 319 755 919 842 544 570 532 354 439 664 851 855 281 420 54 463 618 248 650 201 265 547 689 308 396 369 836 548 33 321 490 718 58 880 114 615 763 660 467 861 383 148 733 200 38 426 155 17 284 35 672 937 878 868 410 119 450 835 972 620 297 593 70 13 203 862 684 549 789 282 345 122 642 395 711 581 109 478 49 112 279 716 188 714 367 703 264 939 86 649 607 274 344 126 374 301 825 366 801 263 742 700 986 576 793 486 926 826 741 311 84 328 172 938 28 599 876 80 597 970 662 953 511 818 331 535 540 943 386 193 902 57 378 372 654 487 529 588 471 821 376 257 2 250 873 198 526 764 494 408 915 530 614 931 485 246 415 124 799 224 352 843 840 838 925 326 102 115 55 627 167 794 513 137 737 422 709 286 631 22 941 206 24 536 452 27 643 850 559 329 252 592 229 875 641 412 186 380 582 767 225 945 164 797 356 362 69 160 632 1 136 111 629 30 407 877 174 349 370 171 116 50 715 674 385 601 192 4 368 773 139 951 623 811 272 722 952 575 719 827 749 591 744 996 194 59 822 42 195 488 423 555 377 253 44 233 578 658 688 756 310 542 498 140 519 611 640 580 262 437 673 497 568 577 88 330 503 11 361 517 373 585 14 419 133 298 680 217 135 110 85 890 210 207 491 93 905 798 176 421 907 477 590 942 20 898 655 885 190 966 413 538 981 223 187 387 268 960 983 442 104 707 393 610 60 968 635 573 249 400 837 908 212 724 428 647 138 359 219 766 720 605 734 930 241 325 144 399 947 975 180 853 846 445 909 278 199 156 989 405 211 802 191 933 182 458 558 934 787 181 100 949 871 120 75 697 8 887 685 804 94 294 398 220 769 992 36 231 786 382 904 844 73 456 429 984 782 831 355 969 917 745 152 150 810 735 34 289 894 648 595 726 997 962 141 515 990 15 616 600 489 107 922 612 839 154 91 365 432 671 679 683 446 899 312 292 533 113 53 537 302 661 12 812 920 379 46 778 98 746 78 6 747 738 967 132 208 678 805 628 897 392 236 327 637 866 815 350 516 251 332 982 62 25 562 232 999 474 539 727 66 390 829 51 364 652 129 743 776 833 860 270 447 713 82 845 531 622 226 256 564 178 295 740 103 665 604 834 271 127 68 147 645 161 854 771 571 81 9 389 242 557 980 757 521 796 417 273 213 240 725 717 275 105 65 481 254 343 106 163 584 903 404 484 998 424 397 864 663 47 56 565 762 351 690 677 630 955 809 436 770 323 291 76 342 856 449 813 316 964 589 681 29 785 651 353 130 406 567 923 921 63 974 695 634 472 26 67 496 653 959 149 765 954 760 388 255 551 173 768 731 523 752 243 183 134 287 269 668 300 61 305 285 888 694 541 971 258 21 434 625 500 64 619 667 728 965 701 912 808 341 957 758 666 867 288 444 215 675 706 320 244 985 454 97 79 151 333 438 509 596 924 525 307 464 721 608 96 617 375 913 914 783 39 669 357 828 800 72 158 736 644 221 659 267 814 121 510 430 626 43 602 260 874 309 560 870 893 418 40 18 276 824 879 994 646 852 466 237 979 37 553 228 686 401 586 117 524 991 891 222 460 621 469 916 556 197 339 881 99 381 209 337 603 92 774 817 317 946 900 995 168 239 781 534 550 807 892 493 204 895 414 609 936 371 48 338 290 987 495 819 849 83 303 123 230 624 795 483 806 16 869 360 932 911 293 594 522 334
546
112 71 217 155 285 435 501 17 137 139 380 247 423 250 67 460 468 436 81 434 32 377 356 445 381 12 321 455 252 432 3 335 52 308 541 236 23 414 260 274 312 324 407 544 177 8 314 208 429 28 251 415 473 230 313 27 168 316 344 326 197 371 365 141 212 420 15 465 370 263 225 512 152 303 269 477 443 216 328 93 25 136 31 76 372 416 192 530 507 526 502 334 209 531 5 383 475 58 120 404 457 366 149 126 499 169 64 348 493 536 163 340 513 517 287 117 103 176 516 462 519 476 87 132 317 210 351 35 268 116 85 425 461 532 386 185 9 471 61 261 276 327 79 298 363 180 148 518 130 213 147 226 43 280 277 534 30 521 187 284 257 393 527 369 495 389 259 510 40 37 65 243 231 281 113 441 354 202 262 446 50 90 186 101 98 437 159 402 233 376 487 45 424 538 422 315 439 359 249 480 223 194 505 543 387 94 364 4 330 319 384 57 358 524 311 24 238 248 100 59 444 403 178 245 497 542 165 63 514 62 206 200 440 349 220 483 373 166 336 368 96 173 39 306 144 201 448 181 290 396 367 318 295 91 342 266 161 450 417 172 56 92 431 154 256 104 135 224 500 41 492 388 395 355 182 107 392 390 484 264 193 494 292 322 466 55 78 385 467 504 214 235 190 323 508 533 174 305 22 150 522 458 13 270 474 378 219 411 38 447 272 283 452 153 282 293 164 29 265 300 511 239 156 454 426 60 442 34 80 329 73 400 33 218 105 125 288 398 408 438 134 95 16 304 129 140 11 53 410 179 99 83 36 183 353 188 301 332 399 19 433 75 254 529 108 253 453 325 362 478 449 131 255 469 409 82 299 47 481 347 360 258 86 211 133 374 430 215 535 70 204 463 228 464 111 520 110 394 198 102 485 528 69 51 142 189 244 171 412 234 523 375 421 382 42 489 158 18 222 118 88 486 74 297 2 205 143 20 1 498 278 302 227 418 167 472 123 49 10 406 66 97 545 221 405 537 286 138 54 309 343 413 307 459 350 427 515 361 127 401 337 333 48 296 175 479 289 121 242 419 26 428 109 345 503 451 196 203 237 232 338 331 279 106 122 195 151 470 241 346 128 539 162 273 157 357 124 240 21 506 7 44 115 275 488 160 89 320 68 339 490 379 509 229 184 119 114 191 540 14 6 496 456 397 341 199 84 170 207 310 267 46 72 294 352 291 146 246 391 546 491 482 271 145 77 525
100
24 28 98 36 99 94 78 24 70 68 91 42 74 67 55 42 77 83 18 75 5 62 30 93 37 90 46 7 2 90 22 57 27 70 54 17 80 71 49 62 92 81 52 88 78 61 20 70 54 65 87 50 50 39 82 20 32 54 26 42 89 31 98 80 52 24 97 10 27 8 97 76 32 56 47 65 25 7 46 25 60 92 18 19 38 11 43 81 46 23 12 26 1 36 50 98 38 3 89 93
969
873 932 958 458 507 500 551 951 200 626 395 311 6 801 164 620 818 756 883 850 42 369 516 375 45 317 774 284 699 68 775 697 402 788 130 135 606 154 877 668 328 148 749 36 913 48 431 377 281 917 779 941 904 153 394 201 123 347 185 81 786 401 298 429 452 95 483 228 470 305 804 306 361 573 570 235 652 633 747 480 905 179 625 89 577 503 156 733 799 55 241 682 202 162 186 857 126 543 473 791 47 854 147 409 611 907 703 350 369 673 75 828 176 755 445 661 417 677 415 641 485 272 155 669 246 280 527 184 713 530 246 935 184 777 271 927 902 915 46 593 411 700 497 94 540 169 839 941 291 806 453 940 885 191 212 814 33 269 557 251 593 782 732 891 382 732 262 83 583 862 968 291 140 711 322 956 741 69 576 140 34 721 648 921 20 108 439 26 912 193 660 355 371 688 644 293 243 664 823 279 216 926 684 270 896 131 269 41 433 229 659 176 718 916 49 796 408 738 357 42 145 82 471 963 62 837 309 157 706 627 351 144 748 938 325 863 785 843 217 693 578 239 751 125 522 335 550 484 225 572 78 884 159 879 360 187 232 457 285 790 931 967 171 120 220 180 922 656 136 860 824 945 71 302 9 5 479 488 553 773 170 568 258 434 253 840 512 594 704 780 149 610 599 436 440 242 263 555 744 151 521 397 617 618 729 116 475 930 134 920 968 554 730 954 739 128 772 426 158 308 880 542 519 725 569 632 333 423 708 348 819 870 609 515 512 829 531 579 717 301 365 803 760 227 825 582 766 42 753 152 299 589 206 698 847 218 381 878 588 461 296 665 524 482 639 752 629 276 29 425 581 946 8 326 541 898 80 849 31 363 859 923 933 319 224 248 96 194 368 321 838 77 437 539 596 268 767 612 398 821 892 323 152 295 354 267 687 163 313 834 145 43 28 177 965 869 670 499 831 710 600 537 495 657 261 339 275 523 906 211 107 117 137 949 868 546 364 518 99 560 222 513 427 505 91 307 745 456 378 448 221 301 761 314 250 501 535 430 175 343 736 329 332 346 807 846 690 914 23 85 58 428 619 941 230 636 182 555 132 124 875 160 88 278 784 591 367 17 616 282 903 634 354 691 374 196 405 762 798 358 727 895 27 565 491 816 65 498 897 288 497 579 352 701 454 894 18 10 802 771 411 783 538 580 773 712 490 969 379 534 797 111 150 105 277 50 60 249 260 941 940 166 952 421 44 118 655 742 899 757 533 452 103 719 955 506 852 462 504 627 385 890 450 110 909 658 950 87 446 476 489 621 451 331 316 345 388 174 846 809 962 300 315 389 705 867 102 419 468 726 714 820 460 567 2 223 602 937 866 245 787 7 330 628 238 671 66 792 686 310 547 283 768 507 373 38 366 407 467 449 92 73 494 558 387 205 185 888 46 441 722 921 247 960 133 566 574 147 264 188 391 255 199 643 208 662 749 856 178 769 411 318 256 685 259 966 400 327 575 320 529 404 794 663 908 380 880 165 51 676 597 334 240 290 883 444 70 181 646 234 667 642 393 35 492 97 502 84 735 754 813 32 590 139 344 273 678 74 760 459 893 514 654 622 666 845 936 472 674 853 645 948 57 122 231 435 67 571 841 858 100 101 525 715 42 595 882 615 702 13 37 585 469 48 740 613 90 559 190 943 544 487 410 919 464 584 39 76 29 731 827 817 918 286 605 142 961 252 213 125 255 463 301 964 689 64 106 98 563 561 607 233 127 680 420 640 545 672 392 315 808 639 443 928 254 237 728 119 455 604 848 725 864 887 140 564 14 209 509 734 900 548 481 592 586 881 210 400 93 477 29 681 758 508 266 369 146 113 959 342 204 694 913 103 778 759 214 274 372 3 855 953 924 257 192 422 125 189 104 280 884 303 215 63 844 171 114 432 289 587 956 163 720 510 4 43 871 403 478 886 830 800 294 11 167 219 79 770 19 653 789 837 805 901 781 836 86 336 496 43 312 679 269 364 399 737 129 696 631 832 623 861 808 911 438 709 520 532 168 447 15 406 365 19 24 465 957 528 635 52 822 624 573 396 236 517 442 642 356 486 526 349 874 121 337 16 511 876 540 424 889 723 765 944 851 30 649 298 287 934 460 386 743 598 359 695 54 292 59 650 739 362 793 638 562 370 601 341 198 942 750 716 865 72 413 683 842 904 418
144
15 24 101 38 57 10 49 114 66 28 34 35 59 127 1 27 109 117 121 70 124 137 77 40 90 48 16 16 3 23 8 103 137 87 83 85 92 142 79 24 109 61 26 89 106 79 63 26 50 49 31 99 88 24 69 105 5 43 65 116 131 136 52 1 27 42 104 112 107 19 143 2 44 108 140 20 129 72 137 84 134 121 10 7 115 130 57 11 55 140 100 43 107 45 75 119 121 120 126 64 122 41 32 137 56 81 93 86 21 12 65 80 18 8 51 6 36 138 82 56 48 71 119 78 75 141 14 76 73 62 5 19 75 50 91 62 104 113 30 59 135 37 74 70
320
22 284 15 195 50 310 114 133 153 70 289 88 232 278 280 118 166 120 55 268 138 290 138 241 192 3 17 272 75 318 293 138 185 118 74 1 132 154 243 73 36 278 38 245 19 267 72 241 283 46 90 305 101 9 69 54 135 179 6 293 32 227 165 249 208 205 145 98 249 107 151 185 27 298 281 157 207 104 74 296 141 60 20 189 109 59 189 167 279 228 57 217 213 36 156 90 70 252 232 73 281 112 258 71 19 91 130 275 55 132 131 281 94 137 166 118 4 52 158 281 217 238 187 263 26 51 286 80 99 235 49 144 308 50 293 3 216 21 37 99 119 276 81 29 14 42 190 26 236 311 266 221 172 30 164 180 274 292 188 271 252 188 128 93 308 163 238 130 191 203 189 150 106 315 255 265 54 55 58 134 318 111 64 286 39 70 270 246 161 67 263 173 73 239 249 52 47 167 299 218 289 9 272 143 98 42 90 24 89 214 38 104 177 240 109 184 221 95 18 39 309 286 233 217 306 263 10 192 12 153 267 294 108 166 2 295 92 67 267 244 204 228 55 203 30 47 51 308 246 93 81 74 273 140 123 27 118 217 12 38 181 265 53 25 169 28 151 302 303 81 307 180 256 262 271 157 6 174 49 125 274 40 141 62 320 118 251 309 237 202 194 24 264 228 165 273 43 20 4 149 14 84 301 57 7 206 271 66 62 80 1 78 297 298 12 152 110 7 67 258
100
49 8 29 34 11 21 75 30 55 28 88 77 91 72 40 23 67 47 39 52 74 41 100 93 33 84 9 81 60 42 19 27 26 53 56 46 12 50 79 73 37 25 54 82 3 92 69 94 22 95 7 90 58 45 61 4 15 31 17 13 6 97 35 48 2 99 57 86 38 66 87 59 76 83 44 85 24 70 20 16 98 5 10 62 78 89 32 18 14 36 51 96 65 1 68 80 43 63 71 64
500
209 131 196 70 434 322 258 224 467 201 340 29 186 435 489 352 364 93 377 102 237 204 446 133 400 473 251 85 394 92 164 470 438 114 336 328 310 497 58 405 143 258 446 152 159 106 131 242 441 4 413 258 427 284 126 58 175 477 44 249 95 51 47 25 107 241 368 77 122 488 61 364 2 300 209 429 297 210 495 102 422 273 183 240 64 488 324 230 190 35 41 294 74 196 492 312 475 383 124 336 145 394 325 430 493 291 89 315 283 25 256 250 234 231 414 208 458 181 32 495 445 148 383 305 440 75 117 413 313 104 338 346 435 399 166 319 76 444 480 328 251 349 30 488 343 215 411 132 177 436 67 311 455 339 27 44 299 456 113 295 276 362 255 376 498 172 137 218 267 18 408 254 288 306 94 457 116 493 116 27 43 361 416 450 296 495 486 57 385 103 241 309 332 96 148 365 318 124 264 136 433 16 444 253 173 401 111 9 118 5 127 273 489 236 239 165 55 449 347 448 226 475 440 1 66 112 259 459 420 419 176 262 496 177 299 145 202 331 307 341 211 320 201 284 87 298 218 315 261 239 243 393 213 396 183 476 77 321 382 248 121 83 338 191 247 169 481 471 17 463 78 478 48 230 84 318 368 180 389 107 74 28 169 100 139 408 115 278 219 440 40 211 332 205 479 342 42 316 344 126 453 220 283 204 248 491 384 366 267 18 178 121 410 329 282 157 87 132 473 114 223 246 305 238 226 469 42 126 314 179 212 403 19 199 265 78 32 214 438 429 359 45 362 355 234 68 334 248 249 29 451 477 165 136 308 386 154 363 471 350 279 252 396 124 119 302 7 37 200 79 340 498 224 195 127 127 168 219 127 283 55 240 38 402 328 297 41 118 200 182 444 120 229 70 340 161 130 240 405 71 409 270 379 15 438 428 67 406 256 11 259 149 202 460 331 14 154 369 128 284 453 91 29 403 54 433 42 443 185 416 344 230 150 194 286 391 230 423 227 266 133 177 151 20 175 13 63 81 135 345 468 63 445 403 140 246 333 227 17 194 96 147 98 175 22 157 483 163 245 410 17 273 216 109 24 248 87 390 243 189 499 69 447 289 327 389 111 233 156 1 336 272 6 412 280 489 232 484 230 483
