75
1 1 1 0
1 2 0 0
2 1 1 2
2 2 0 2
6 22 21 21
3 3 2 3
3 3 3 2
9 171 170 171
7 5 12 111
8 86 85 85
2 1 2 1
11 683 682 683
4 6 6 4
12 2243 522 1331
9 170 171 171
11 1466 107 475
3 8 0 0
4 1 2 13
3 2 2 4
9 212 5 295
3 4 2 2
3 2 3 3
10 223 650 151
5 13 2 17
10 168 433 423
12 1365 1365 1366
8 85 85 86
12 1365 1366 1365
10 341 342 341
10 655 264 105
1 1 0 1
1 0 0 2
3 2 0 6
11 683 683 682
11 682 683 683
12 1366 1366 1364
12 1364 1368 1364
3 1 2 5
11 694 42 1312
2 1 3 0
9 74 384 54
7 50 27 51
5 11 10 11
2 0 4 0
7 43 43 42
2 2 1 1
9 171 171 170
4 5 6 5
10 341 341 342
5 11 11 10
4 6 5 5
7 72 3 53
4 0 16 0
1 0 1 1
4 5 5 6
4 0 8 8
10 274 484 266
8 85 86 85
8 34 146 76
10 748 111 165
12 1366 1365 1365
10 342 341 341
7 42 43 43
5 10 11 11
6 21 22 21
7 43 42 43
6 21 21 22
3 5 3 0
11 1417 436 195
4 4 4 8
3 2 4 2
5 25 5 2
7 0 79 49
6 32 30 2
12 0 4096 0
