100
1 1
1 4 3 2
1 3
1 8 2 7 3 4 5 6
2 2
8 1 4 5 2 3 7 6
1 1
1 3 2 4
3 2
8 3 6 5 7 4 1 2 10 9
3 1
5 4 1 2 7 8 6 3
5 3
13 2 3 4 10 11 9 12 7 8 14 15 5 6 1 16
1 8
7 8 14 13 16 15 10 9 5 6 3 18 17 12 4 11 2 1
16 1
27 28 6 7 14 13 30 31 1 34 18 19 25 24 20 17 21 22 15 16 12 5 8 9 2 23 32 33 29 26 11 10 3 4
3 2
1 2 9 4 10 3 7 8 6 5
1 8
13 12 10 9 4 3 6 7 1 18 17 2 14 5 15 16 8 11
2 4
10 1 9 6 2 5 11 12 8 7 3 4
1 16
16 19 24 23 28 7 18 17 32 3 12 21 20 13 26 27 10 25 29 4 5 6 14 15 30 31 34 1 33 2 8 9 22 11
2 4
4 5 9 8 1 12 10 3 11 2 7 6
2 8
15 4 17 18 3 16 12 11 14 5 9 8 10 7 2 19 6 13 1 20
8 2
6 17 9 12 14 13 3 2 20 19 8 15 5 18 4 1 16 7 10 11
3 4
7 12 2 1 8 9 4 5 14 3 11 10 6 13
5 1
9 4 6 7 8 5 2 11 10 3 12 1
4 4
1 16 11 6 5 12 9 8 10 7 13 4 14 3 2 15
16 1
2 1 24 19 32 29 17 14 16 15 3 18 7 6 28 25 21 20 4 5 8 9 11 10 26 27 23 22 31 30 12 13 34 33
3 5
15 12 2 9 11 16 14 13 5 6 7 4 10 1 3 8
2 3
2 5 1 10 3 4 8 9 7 6
4 4
10 7 1 16 4 5 6 11 14 15 8 9 13 12 3 2
4 2
9 8 10 5 12 11 6 7 4 3 2 1
5 1
8 9 6 5 1 4 10 7 11 12 2 3
2 1
3 6 2 1 4 5
5 3
11 12 16 1 7 14 10 13 9 8 2 3 15 6 5 4
4 2
3 2 7 10 12 5 4 1 6 11 8 9
2 8
2 3 9 10 17 20 15 16 1 4 13 6 8 11 14 5 19 18 12 7
2 4
6 7 11 10 12 9 8 3 2 1 4 5
2 4
4 2 1 7 3 6 9 11 12 10 8 5
4 2
8 5 6 7 11 2 3 10 4 9 12 1
1 16
16 15 2 1 32 31 12 23 9 26 28 5 18 17 22 13 14 21 34 33 27 6 11 24 20 19 4 3 7 8 25 10 29 30
1 4
3 8 9 2 6 5 4 7 1 10
16 1
9 26 34 1 16 19 18 17 13 22 10 25 28 7 30 5 23 12 8 27 29 6 4 31 33 2 21 14 32 3 24 11 20 15
1 1
3 4 1 2
2 8
6 7 4 15 12 9 13 14 8 5 19 20 2 17 18 1 16 3 10 11
2 8
9 12 18 17 7 6 8 5 10 11 13 16 20 1 4 3 2 19 14 15
5 3
2 1 14 13 4 3 6 11 5 12 8 9 10 7 16 15
4 3
1 6 12 9 3 4 11 10 7 14 2 5 13 8
4 4
8 5 11 14 4 3 16 15 6 7 12 13 2 1 9 10
1 10
8 7 19 20 5 18 11 12 10 13 17 16 2 1 22 21 6 15 3 4 14 9
1 3
2 3 8 1 5 6 7 4
2 3
6 3 7 8 10 9 5 4 2 1
1 8
11 8 12 7 4 3 18 1 16 17 5 6 9 10 14 13 2 15
3 3
10 1 12 11 9 8 6 7 3 4 5 2
3 1
4 5 1 2 7 8 6 3
8 2
20 19 14 15 9 10 5 6 4 3 2 1 18 17 7 16 12 13 8 11
2 6
13 11 2 15 6 8 9 14 10 3 5 7 16 1 4 12
1 3
4 3 2 7 6 5 1 8
8 2
5 4 8 9 10 3 20 1 2 19 14 13 11 16 15 12 18 17 7 6
8 2
8 15 3 6 20 1 12 11 2 19 9 14 10 13 5 4 17 18 7 16
2 4
1 10 4 5 6 3 7 8 9 2 12 11
1 2
6 1 3 2 4 5
1 2
6 5 4 3 2 1
2 3
8 9 2 5 1 6 10 7 3 4
8 2
2 3 6 5 8 15 20 17 14 9 11 12 16 7 10 13 19 18 4 1
16 1
14 15 10 9 31 30 5 4 7 6 25 26 20 21 23 22 32 3 27 8 12 13 11 24 18 19 28 29 33 2 1 34 16 17
1 5
3 4 7 6 8 5 9 10 11 12 2 1
8 2
17 6 2 1 18 5 16 15 14 11 3 20 9 8 7 10 19 4 12 13
2 1
4 3 5 2 1 6
3 2
4 5 3 2 10 1 8 9 6 7
1 1
2 3 4 1
8 2
11 10 13 12 2 3 16 17 1 20 18 19 8 15 9 14 5 4 7 6
15 1
2 29 8 13 11 7 21 19 25 30 28 4 12 27 32 18 20 10 6 5 1 31 23 26 16 14 3 15 24 17 22 9
4 2
3 2 11 12 8 9 5 4 10 7 6 1
8 2
3 2 13 12 17 18 15 16 8 5 19 20 14 11 9 10 6 7 1 4
3 1
3 8 4 5 6 7 2 1
1 13
1 17 28 6 18 2 9 21 12 22 20 4 27 25 11 26 23 7 8 13 24 19 14 10 3 15 16 5
8 2
4 1 7 16 8 15 9 12 17 6 14 13 10 11 5 18 20 19 2 3
8 2
12 13 8 15 7 16 1 20 6 17 3 4 10 9 11 14 2 19 5 18
4 4
15 2 11 14 9 8 7 10 6 3 5 4 13 12 1 16
2 8
7 12 4 3 13 6 14 5 2 19 8 11 10 9 1 20 16 17 15 18
8 2
19 2 13 12 18 5 8 15 3 4 14 11 1 20 17 6 7 16 9 10
1 8
11 6 12 5 14 3 1 16 8 9 15 2 10 7 17 18 13 4
2 8
10 11 3 16 13 6 15 4 18 19 17 20 1 2 7 8 12 9 5 14
4 4
10 9 1 14 11 6 13 12 3 2 5 4 15 16 8 7
4 4
7 6 2 5 8 13 1 16 4 3 12 11 14 15 9 10
4 4
13 12 5 4 6 3 15 10 7 2 8 1 11 14 9 16
2 8
3 16 4 15 14 11 7 10 8 9 17 2 12 13 18 1 5 6 20 19
4 3
11 12 13 2 7 8 14 1 9 6 10 5 4 3
1 2
5 4 2 1 3 6
2 6
7 10 13 4 8 9 3 14 12 5 6 11 16 1 15 2
1 4
3 2 10 1 5 6 9 8 4 7
2 8
9 12 10 11 19 18 6 13 3 16 2 1 8 7 4 15 20 17 14 5
2 8
7 14 2 19 18 3 17 4 20 1 15 6 9 12 16 5 11 10 8 13
4 1
4 7 2 3 6 5 9 10 1 8
5 2
7 8 14 13 1 2 3 4 12 11 10 9 6 5
1 2
2 1 5 6 3 4
2 8
18 19 11 10 13 6 1 2 9 12 3 16 7 8 15 4 17 20 5 14
2 4
6 3 1 12 10 11 9 2 4 5 8 7
16 1
17 29 23 25 8 27 30 3 28 13 18 7 31 11 24 12 22 5 10 32 1 20 21 19 4 26 2 6 15 14 16 34 33 9
4 2
4 1 7 8 12 9 2 3 10 11 5 6
1 4
10 9 4 5 1 2 8 3 7 6
1 4
10 1 6 5 9 8 3 2 4 7
8 2
3 20 1 2 7 8 14 15 16 13 18 5 11 10 9 12 19 4 17 6
2 8
11 12 3 16 9 8 4 15 14 5 17 18 19 2 10 7 1 20 13 6
8 1
3 16 10 9 6 7 2 17 4 15 5 14 12 13 1 18 11 8
8 2
18 5 3 20 12 13 4 19 16 15 6 17 11 14 1 2 8 9 10 7
4 1
6 5 1 10 2 9 3 4 8 7
