100
4 2
5 2
6 2
1000 1000
1000 1
354743300559967983 274036513193271411
456294760415966598 380381898493722199
544810849010424662 483122660005962413
1000000000000000000 999999999999999999
1000000000000000000 499999999999999998
729209451564942830 664418487367495324
1 1
962238583561565272 736184371558885987
2 2
1000000000000000000 499999999999999999
1000000000000000000 2
500000000000000000 288230376151711744
999999999999999999 127
843000167123044733 662595712032068475
1000000000000000000 288230376151711743
3 2
434620710741927886 363899448396877581
1000000000000000000 500000000000000000
999999999999999999 576460752303423488
971487413708262055 932246656788257629
999999999999999999 423539247696576512
837993737223502912 831851116297436841
533321925406120335 515231542582515851
1000000000000000000 302278353750011338
764017561473011154 576703757252966751
813408688361770020 772145172570020745
643009823112453751 602103343911197891
1000000000000000000 127
1000000000000000000 576460752303423488
500000000000000000 249999999999999998
1000000000000000000 576460752303423487
476202058443001052 404121405592590120
999999999999999999 499999999999999998
654643277130342250 634179891682722026
999999999999999999 282675616106889942
422043394549585065 414069684954199740
500000000000000000 199073576480353716
665295021767590761 639983420112239906
1000000000000000000 526875114974919712
1000000000000000000 288230376151711744
999999999999999999 999999999999999999
1000000000000000000 128
521927373777456116 500017050001818841
1000000000000000000 1
500000000000000000 128
741606509700598466 588774168253673206
999999999999999999 295944630589079001
4 1
500000000000000000 288230376151711743
999999999999999999 499999999999999999
999999999999999999 999999999999999998
999999999999999999 576460752303423487
500000000000000000 2
500000000000000000 144115188075855871
500000000000000000 499999999999999999
500000000000000000 144115188075855872
2 1
682824234182584084 514457692405921857
999999999999999999 128
652396121169873211 531728726034943843
1000000000000000000 280005660138749551
864334675994957455 800425370076744124
1000000000000000000 423539247696576512
271857373586290833 238207483659580507
500000000000000000 249999999999999999
1000000000000000000 423539247696576513
500000000000000000 211769623848288256
999999999999999999 461314265617685309
791895905682115147 773010961536561450
532637681408826255 445430478151795839
999999999999999999 423539247696576511
871873876143356541 821954533859264047
999999999999999999 499999999999999997
500000000000000000 143378518117272568
500000000000000000 250000000000000000
500000000000000000 500000000000000000
702283017349340332 553588387968111383
5 1
999999999999999999 288230376151711744
1000000000000000000 1000000000000000000
662134764821651642 563513541480012915
500000000000000000 266935091429330481
999999999999999999 2
500000000000000000 211769623848288257
354711670944755297 329440931639924978
272751885246581965 255231457850248363
999999999999999999 1
3 1
344727367036193446 316048419766046516
644140360372410788 546208508563380234
266109914626254950 220865545117175062
999999999999999999 288230376151711743
500000000000000000 127
689410918724569190 649609986110906255
500000000000000000 1
