100
4 2
5 2
6 2
1000 1000
1000 1
959796 919651
896619 722763
1000000 128
602718 600006
500000 127
674169 603170
466013 361441
1 1
999999 419460
999999 475712
604337 461550
1000000 524287
748349 742376
3 1
500000 131071
999999 1
500000 170500
5 1
288371 242280
999999 262144
500000 500000
1000000 524288
360732 286332
999999 262143
1000000 404434
999999 524288
890485 745130
999999 999998
557068 537294
767030 715493
2 1
275293 219900
999999 499999
500000 249998
646853 489791
347131 276025
1000000 475713
4 1
999999 499997
315855 276412
386931 320507
999999 475711
1000000 262144
1000000 127
635021 580397
1000000 1
500000 2
1000000 499999
784377 754976
500000 250000
661258 567969
390940 371197
1000000 262143
276384 223090
3 2
808102 639703
493269 379823
1000000 500000
999999 2
359494 277376
500000 249999
843727 633167
2 2
386344 373374
999999 524287
1000000 2
970890 801516
939980 715127
500000 131072
1000000 999999
999999 478921
1000000 499998
798822 736344
500000 128
897333 689071
760873 675550
798203 678702
308174 286233
1000000 1000000
999999 127
500000 1
500000 237856
1000000 475712
999999 499998
884317 775668
999999 999999
999999 128
500000 237857
1000000 499561
500000 262144
435885 378596
500000 499999
597782 568931
500000 257917
500000 262143
