100
4 2
5 2
6 2
1000 1000
1000 1
2 2
1000 489
1000 255
999 998
500 500
999 256
500 171
1000 411
999 487
500 249
251 191
575 457
890 843
500 128
1000 128
519 426
395 366
309 304
1000 2
484 443
420 405
999 1
999 2
500 244
384 319
872 755
784 623
999 255
500 256
475 465
500 117
291 280
500 250
896 824
1000 512
999 490
661 519
5 1
999 999
500 254
623 555
500 1
3 1
894 857
500 255
1000 499
271 222
999 511
500 499
846 641
796 678
500 89
999 497
380 308
500 248
282 244
500 116
1000 256
629 586
3 2
4 1
417 367
500 127
983 768
509 489
286 281
1 1
999 128
999 427
326 250
1000 999
999 498
885 704
500 245
549 481
852 657
1000 488
999 488
314 303
1000 500
604 565
973 897
739 560
999 127
1000 511
500 2
1000 498
2 1
999 512
374 348
999 499
1000 127
682 675
763 676
303 238
